ts,record_id,user_authority,user,partial,base_asset_value,base_asset_value_closed,liquidation_fee,fee_to_liquidator,fee_to_insurance_fund,liquidator,total_collateral,collateral,unrealized_pnl,margin_ratio
2022-02-23 22:23:58-05:00,12289,DXEJNyHSCbGZezXHy2xQaSzd37dwJs4dMTgt5VF5UZAG,7fCYM9DWrAX7vgZ11CwQMNd5NU8FB1yrbctxHaPYshpB,True,1238705,309676,1931,965,966,HfEnetJ7uBSmZWCjBNxdvv9HEC5nsW4wDV7wu6WnhWan,77257,527794,-450537,623
2022-02-23 22:24:00-05:00,12290,Bu65ba81oA2rZqxGAsctgz39NPPJqbXR3SvdMX5KQfTK,DcxNLDe2GwGiQPtQhzMiUjrMaqXjuyx1EGgX3xPtE98T,True,322515908,80628977,502735,251367,251368,3zqXX6kzhkbW3d4TwD2CNjMRwxTbREXySekvq37kfCNk,20109403,72551232,-52441829,623
2022-02-23 22:24:06-05:00,12291,agiVhhsNiMPzMaNWTHKRZ435HtBjqQvRuReKkpG32pn,HgcU2oCotYPxvGY6M21SbdqhzXJmNPDWEiTCDu4rA5dB,True,254731981,63682995,397630,198815,198815,3zqXX6kzhkbW3d4TwD2CNjMRwxTbREXySekvq37kfCNk,15905200,77556673,-61651473,624
2022-02-23 22:24:31-05:00,12292,FS5xx53Bo65G21gJLta7LEEiS132VJM1kGpUzuqyfzoy,2kbTLjdBBA9K1coxKmwmYbjq2heSnuNg4Nh2EfVNYgwj,True,919857,229963,1438,719,719,HfEnetJ7uBSmZWCjBNxdvv9HEC5nsW4wDV7wu6WnhWan,57532,545035,-487503,625
2022-02-23 22:24:47-05:00,12293,HabA6MLjygaKE6i9Sad4c6B8rnyobMYbtFext51rCmHj,516FG8YJxZmnGfvzWiV3TcwSF7UDdwWefjZkmi3R2SPX,True,18469325,4617330,28902,14451,14451,3zqXX6kzhkbW3d4TwD2CNjMRwxTbREXySekvq37kfCNk,1156111,11744468,-10588357,625
2022-02-23 22:24:47-05:00,12294,Dy91szocbSZmPUqtADCcX8Vu7zJpZycXcKJ74ByPeUzS,J9eWx2cfm6ksnZf3XC5MchLD4wuQN5zJgZpcJK97uFBL,True,108080936,27020234,169031,84515,84516,3zqXX6kzhkbW3d4TwD2CNjMRwxTbREXySekvq37kfCNk,6761257,23680321,-16919064,625
2022-02-23 22:24:48-05:00,12295,4vW2Q76fdGmfhU2Tx3R2XQkGcQUi6hSM9ixvK5RWvurJ,w8cGbqVpVr6WHSRJFXv469RMgRB3ty3TGpkVXRs7K7H,True,2614345,653586,4082,2041,2041,HfEnetJ7uBSmZWCjBNxdvv9HEC5nsW4wDV7wu6WnhWan,163314,997042,-833728,624
2022-02-23 22:24:48-05:00,12296,DDsY5V3F9wnEGBoQFCEf1hvEYuKUaJdysbc7TxhNqe9G,5oBCGzvy8odB8MCxCUvPDqYCnTyteZ4Yy1JDroroygbi,True,1976547,494136,3083,1541,1542,HfEnetJ7uBSmZWCjBNxdvv9HEC5nsW4wDV7wu6WnhWan,123359,817531,-694172,624
2022-02-23 22:25:01-05:00,12297,pFCQLWBcx4YmtALBatWXwLR3MErHAxAyq1LVjgZJWbo,Hc3WoJQAV3Ue2yzxFxBdsx47ZsH6Hart62y89WRWCtqT,True,13149446,3287361,20527,10263,10264,3zqXX6kzhkbW3d4TwD2CNjMRwxTbREXySekvq37kfCNk,821114,5217774,-4396660,624
2022-02-23 22:25:03-05:00,12298,D58t4uTjFumsUeYFaKnpV8BRTEQEqKXBreFTdwGrott7,67p6kHDfVqQijfcwugvZK59c3aRRH9x3eHxruqH8WEqF,True,1187693,296922,1855,927,928,3zqXX6kzhkbW3d4TwD2CNjMRwxTbREXySekvq37kfCNk,74202,642729,-568527,624
2022-02-23 22:25:03-05:00,12299,5kkF52hfxQLFF2rzZfwxAAHRqeWigsbRxJBRW57aKsWF,9MjKo4KgnbZ1TYESfLeqH38HNvXPRc5dnvv3bpyBKiCX,True,14936630,3734157,23289,11644,11645,3zqXX6kzhkbW3d4TwD2CNjMRwxTbREXySekvq37kfCNk,931588,5989958,-5058370,623
2022-02-23 22:25:09-05:00,12300,72F3iHXabQD5CDurG76r2riHaH8xGcKRqgBkDpmUnNMn,6Wue3rtmyr1RrEgDoK23ehAjymtLE8AYT2niknNe8Z7M,True,23029523,5757380,35990,17995,17995,3zqXX6kzhkbW3d4TwD2CNjMRwxTbREXySekvq37kfCNk,1439603,5972678,-4533075,625
2022-02-23 22:25:25-05:00,12301,2eFLHfWwuTKeGn9Xm9VQk1Ae7BA9j3Vs7Kg5Unn3qaXi,3JJCnrCAR4fwYJChZvBzLdgvWs1ogcNqKRWHa6VABbcU,True,28554003,7138498,44666,22333,22333,3zqXX6kzhkbW3d4TwD2CNjMRwxTbREXySekvq37kfCNk,1786672,6872480,-5085808,625
2022-02-23 22:25:25-05:00,12302,Frobc1KZTVcsyfwyKwSpHJobxmiJBomzHhGCLdrzdAz8,HziyKP9uxWCuXddtbRzWMczHNdgyQB5UXQZj4MnMm14,True,575522,143880,897,448,449,3zqXX6kzhkbW3d4TwD2CNjMRwxTbREXySekvq37kfCNk,35885,368187,-332302,623
2022-02-23 22:25:26-05:00,12303,GTY6F4SqFfkKozksvpiHWHrE48yCMBAx12wB6GQ7vpUE,J6RQzaPfaB61cYG1eM9QUdfxms2q2pfTof3PcqmdFrqm,True,120805417,30201354,188976,94488,94488,3zqXX6kzhkbW3d4TwD2CNjMRwxTbREXySekvq37kfCNk,7559079,28003687,-20444608,625
2022-02-23 22:25:29-05:00,12304,DMgD2KCEhTGFLUZ5GnfNcwfiiwKYbyVpoWiN6knMkCAf,5KU2vgBkPTNVHsSULjgX7ZkZS56U3Dy3xqLTxL5sUZJ3,True,263966,65991,412,206,206,3zqXX6kzhkbW3d4TwD2CNjMRwxTbREXySekvq37kfCNk,16485,406438,-389953,624
2022-02-23 22:25:31-05:00,12305,6Z6y2QLJUZ5s6zdjanJcKprTAotx8tqr9DRNqqycMeS4,JCYwt8MHVaBb14GB2qAvDWwYVMaL7VTxyNEt7Eo5Zy8x,True,39440,9860,61,30,31,3zqXX6kzhkbW3d4TwD2CNjMRwxTbREXySekvq37kfCNk,2464,50070,-47606,624
2022-02-23 22:25:32-05:00,12306,9BMHbUs4d3qX49fnroHv2FTPDs4yoDFrvDMqf8p9U4pE,2yL7zwMr7qVG5Sdwkf7z6ppnNqt1ASppBbmxwYjfFY6Z,True,747486,186871,1165,582,583,72FwbpFGoLEazJEdpqNtPNefsadUrimUqma9wSoy4qiS,46622,951255,-904633,623
2022-02-23 22:25:33-05:00,12307,gwRpwn2swQgwyJ7ijihN1aKNb1LtsvJwWpWkGc3ttEc,HT22Au8YZoja3ijYVuxEwSZdve73yrp1NKczv4vGbzrL,True,421562,105390,659,329,330,3zqXX6kzhkbW3d4TwD2CNjMRwxTbREXySekvq37kfCNk,26374,131104,-104730,625
2022-02-23 22:25:36-05:00,12308,4nhdidD6SASYzwZ7mUnWKyP4xyWXhdBe2gp5F4qDtLrL,HLk6YPhVidsn3i8HfoASvoim1ztxb4bi8JnioiyvorpV,True,270419,67604,423,211,212,3zqXX6kzhkbW3d4TwD2CNjMRwxTbREXySekvq37kfCNk,16927,334446,-317519,625
2022-02-23 22:25:39-05:00,12309,73PpLzJmAimmqtjGpRcYHua8t6wx3gYiiXFvQxnSDMJV,CRCpLcS8LNKX22co94spJBXEes9Fnh5rYBvbVEte4JXA,True,5651208,1412802,8835,4417,4418,3zqXX6kzhkbW3d4TwD2CNjMRwxTbREXySekvq37kfCNk,353411,6471579,-6118168,625
2022-02-23 22:28:56-05:00,12310,HEFpdWLZaiQnjftmXgxs6RNzhH72YiMjortxPkKekkvb,5Q8mmxBgVTijNGrWsnoA3VMArLHZEX5MkaigYXHpgXHE,True,857899,214474,1342,671,671,HfEnetJ7uBSmZWCjBNxdvv9HEC5nsW4wDV7wu6WnhWan,53696,501547,-447851,625
2022-02-23 22:29:05-05:00,12311,HGJoZvLakWfSDFwuvShNBc4kCf7nP7VqzyM3mELpbFEf,12Qn5jin7QvsBngXqYAv4UstyG3b6nRf1jsLp9Dp8G7k,True,3001,750,4,2,2,HfEnetJ7uBSmZWCjBNxdvv9HEC5nsW4wDV7wu6WnhWan,187,3896,-3709,623
2022-02-23 22:29:05-05:00,12312,BMawc4jLJMER4ryGcwdm27H3MU8JQCiSfwb9onVfYDpr,5ciaGDuaB3rBKvV7MphT2eMkCUxBzWZc7zYXQM7vbQ46,True,282916,70729,442,221,221,HfEnetJ7uBSmZWCjBNxdvv9HEC5nsW4wDV7wu6WnhWan,17704,349451,-331747,625
2022-02-23 22:29:05-05:00,12313,Hqzz5RdbkkmMPCVdxF3Q3sLuh7XVJHEwAP6zpz7pCwTj,TNwXSETgrJGM9S5zbBY3mMWKbPFskbKjPAhBrWFNfuK,True,43022,10755,67,33,34,HfEnetJ7uBSmZWCjBNxdvv9HEC5nsW4wDV7wu6WnhWan,2693,54450,-51757,625
2022-02-23 22:29:05-05:00,12314,95urWGJ4HN1bTarbDi8Dpj4K4ms7dovs8gwaYdaSLC6e,2THhqxjhXjp2Zui9ML2MzAbGN4dsfa3dkdqzC8LYhnbQ,True,70437,17609,110,55,55,HfEnetJ7uBSmZWCjBNxdvv9HEC5nsW4wDV7wu6WnhWan,4406,86840,-82434,625
2022-02-23 22:29:05-05:00,12315,43wwd6zLB8yKfXEu7rtbeDFhKBuxFR66MnyhTKW3zqa3,A9t6AMvVNenwWymz3QMtdUuuGYjjTPLaA9bhRjTzNY9h,True,749943,187485,1172,586,586,HfEnetJ7uBSmZWCjBNxdvv9HEC5nsW4wDV7wu6WnhWan,46905,952249,-905344,625
2022-02-23 22:29:05-05:00,12316,9rgrRAMcGSarfz8xXckw1LjkemMwwjzJLApPjpfY2XZ3,BRtNdDDtCiNDYDERZTBCefUiYvjShucRX1hxEBLyeggT,True,37992,9498,59,29,30,HfEnetJ7uBSmZWCjBNxdvv9HEC5nsW4wDV7wu6WnhWan,2372,48271,-45899,624
2022-02-23 22:29:05-05:00,12317,446VESPwhh16pG3VcpgraT83MoqWy87qgU36mKZC8BsW,SmUPkPpnnRfSH3tcKUnbpK6HHNJtLfvMiUWk9eUwkNy,True,1988870,497217,3110,1555,1555,HfEnetJ7uBSmZWCjBNxdvv9HEC5nsW4wDV7wu6WnhWan,124410,2444308,-2319898,625
2022-02-23 22:29:08-05:00,12318,GgAdS7cJ2KDgGE3xDrYAwqEEKqSsmfpEyBxtN4CMsjid,BidFJqkCxq71QWE7k8o4BnQjWQ61p4BT29jHgw4cC7b3,True,12801445,3200361,20018,10009,10009,3zqXX6kzhkbW3d4TwD2CNjMRwxTbREXySekvq37kfCNk,800743,3816535,-3015792,625
2022-02-23 22:29:16-05:00,12319,E8iuHK2DErFnMAYfWmNoix4jVb4WDG8Sc41hBycLUxbd,77Zoru23JmnK5EJ8eURonQoEpJcLP4edabjD8MR8NKdX,True,746218,186554,1167,583,584,HfEnetJ7uBSmZWCjBNxdvv9HEC5nsW4wDV7wu6WnhWan,46701,948360,-901659,625
2022-02-23 22:29:18-05:00,12320,EPWsutEpgpcz776maq552k8QhDKdmkSfAED5E3jgpTdY,CCwGZYDvqoHEBBtSSieAJgy5e3k4jYrpjyDffypwnWxu,True,2000344,500086,3123,1561,1562,HfEnetJ7uBSmZWCjBNxdvv9HEC5nsW4wDV7wu6WnhWan,124944,2459570,-2334626,624
2022-02-23 22:29:18-05:00,12321,C1tcxAjMzZaFVcF2ke2nSyiCjcLBwsz5yKXShy5MB14h,GYkrJj2zHVZuzPC45MbuevYkRJHdeL4Sqj9SWqZfUdiE,True,2516961,629240,3937,1968,1969,HfEnetJ7uBSmZWCjBNxdvv9HEC5nsW4wDV7wu6WnhWan,157484,3083521,-2926037,625
2022-02-23 22:29:18-05:00,12322,28YQqynu5oRud5xEcsDvAaGhJhgpiVJSTNeMwkrbpbyv,9zYqRWiRatbohCdBfV3PrAxp8v1kwgbvV9ta4RJRRp68,True,1960119,490029,3067,1533,1534,HfEnetJ7uBSmZWCjBNxdvv9HEC5nsW4wDV7wu6WnhWan,122681,2409861,-2287180,625
2022-02-23 22:29:18-05:00,12323,43EtYHdVkdBxHTtFR3QWVgvCKj1SqsAf7xLY2yphsv1x,8WJbP4mVJWYuN1dVzHpRg7YR2nBELB4Krkq8Zch8sp4g,True,58841,14710,91,45,46,HfEnetJ7uBSmZWCjBNxdvv9HEC5nsW4wDV7wu6WnhWan,3674,69929,-66255,624
2022-02-23 22:29:18-05:00,12324,5iRLEmB6qBHqkJBPyyubnd9f1TpRr4EY8BTxuHUREeLB,GkY73KL6HJ4ycdggFtYWALBgmTRZVCx66P2ZJ7E8ENwC,True,41071,10267,64,32,32,HfEnetJ7uBSmZWCjBNxdvv9HEC5nsW4wDV7wu6WnhWan,2569,52179,-49610,625
2022-02-23 22:29:20-05:00,12325,9wsQcvpqPp8c9q42RntWDNbqNCnmJeW4GMG2AtKAHkBu,EMqRbzGvXTU1LtmoSw9uSrpTX2L4tpJQAMJJJ4duvzf5,True,6828101,1707025,10676,5338,5338,HfEnetJ7uBSmZWCjBNxdvv9HEC5nsW4wDV7wu6WnhWan,427079,5047941,-4620862,625
2022-02-23 22:29:20-05:00,12326,Fw2e6jxKVeFcJSe9MyVhSz3dUdJQLs3XULHrT1mtMU9U,591U5bexgLRJXygtK5fpCRXcZEq89KgewFTdfPkti8bY,True,5692938,1423234,8904,4452,4452,HfEnetJ7uBSmZWCjBNxdvv9HEC5nsW4wDV7wu6WnhWan,356190,6527507,-6171317,625
2022-02-23 22:29:20-05:00,12327,GcjcaWoMUcGkLaJBx3svxtzwGNn5SLcFrwaLqnpadUZY,Ep9sDjTMMasVjKdshsE88uk3mWYkKuMTVRooVJWvCq9F,True,731439,182859,1143,571,572,HfEnetJ7uBSmZWCjBNxdvv9HEC5nsW4wDV7wu6WnhWan,45746,929081,-883335,625
2022-02-23 22:29:20-05:00,12328,4eaXYcx5ayhTq9TmmQFgLDjy6p3z93txUN97v8PTSh1J,J3vgUnjDUy5ngrmrs6FwpZTexxJNxXM1UjsHvsgw9g9y,True,48116,12029,75,37,38,HfEnetJ7uBSmZWCjBNxdvv9HEC5nsW4wDV7wu6WnhWan,3009,61083,-58074,625
2022-02-23 22:29:21-05:00,12329,DD1a8rMoUCwmEiLKRN43VpdqL8Qgfr5yi92ejQxDVRMo,3vMJVNAuyRhM9jkaEZARhwbR6MerR5UmcgoZ9c5bs1VS,True,880229,220057,1377,688,689,HfEnetJ7uBSmZWCjBNxdvv9HEC5nsW4wDV7wu6WnhWan,55100,1118530,-1063430,625
2022-02-23 22:29:35-05:00,12330,Bt37YbHvD2M8zcGmanksKy8MCi4Qzto7hEnGRJyNvWyg,4WGRnDhpoY4zJi74iJyALasETpJNJMCJtf9aWJUVrHQv,True,61404246,15351061,96036,48018,48018,3zqXX6kzhkbW3d4TwD2CNjMRwxTbREXySekvq37kfCNk,3841477,45326826,-41485349,625
2022-02-23 22:29:36-05:00,12331,5FgPU7KpsDnx4Xc1UdQoLPR7MDd5cBkJXW2Q8ctopMZR,9GWzAZFVfTY8WjTYvDAE2YcAjgeKiDXgToK76KBZF7Rv,True,63600,15900,99,49,50,HfEnetJ7uBSmZWCjBNxdvv9HEC5nsW4wDV7wu6WnhWan,3980,78322,-74342,625
2022-02-23 22:29:44-05:00,12332,HZSJVNb6g4o52N7pAJCLkGjur8evF5Ex1sAx7uUxUDdm,8LQHKhXStrwcd6f4AxaTVcrGdYpGjQz8vWf5JXsAzcsp,True,55307,13826,86,43,43,HfEnetJ7uBSmZWCjBNxdvv9HEC5nsW4wDV7wu6WnhWan,3461,70367,-66906,625
2022-02-23 22:29:49-05:00,12333,5zCfNUARbvDrkdkf8rKNnf6D7HXn7Wz6D61jQGTGpw3N,6T76MLTxS5vnRuodEgADt3iXMx8WUFLQzoyKh7f2uPFy,True,87088092,21772023,136276,68138,68138,HfEnetJ7uBSmZWCjBNxdvv9HEC5nsW4wDV7wu6WnhWan,5451065,64694934,-59243869,625
2022-02-23 22:29:55-05:00,12334,EmXaq1sxmAZUiwYW6LXpKtKFZXu5MzQ3sK4MEAojDK1h,HuAsa5G2wJi8Ah9stxEmggwcB5zW1QjBsP3Ndgke7r8X,True,64398,16099,100,50,50,HfEnetJ7uBSmZWCjBNxdvv9HEC5nsW4wDV7wu6WnhWan,4031,81652,-77621,625
2022-02-23 22:29:56-05:00,12335,8xjstKJD2RopRxxRP8JbMYRmpBKgSZivMFRXXRZ5syPh,HUfevkvBsm5SDpxnZ4NBD8Re7LvqBQLrx5UWXCeYTBgK,True,71243,17810,111,55,56,HfEnetJ7uBSmZWCjBNxdvv9HEC5nsW4wDV7wu6WnhWan,4459,87852,-83393,625
2022-02-23 22:29:57-05:00,12336,HpRYrL8HzCPaBJTLFgZmYg2aXBnBQUpf1mikVkzkY56z,8DzHRd8qWcEjnX6cefwYtgRGpQJUaw9QPjyfAsN7j33r,True,490682,122670,767,383,384,HfEnetJ7uBSmZWCjBNxdvv9HEC5nsW4wDV7wu6WnhWan,30708,609002,-578294,625
2022-02-23 22:29:59-05:00,12337,CEtpqFD4BbeiNfaXyLLYEapY2mWgE26H5q6H34tWwRuD,BVqRyqwGFPzSkk1H2finiyfaL3LScbEiQGk3mihirxqs,True,35428,8857,55,27,28,HfEnetJ7uBSmZWCjBNxdvv9HEC5nsW4wDV7wu6WnhWan,2216,44368,-42152,625
2022-02-23 22:30:10-05:00,12338,9T6bCVf7AshQP1NNbsF3eCdbChKbcfrFUPFWUXRijY5M,4ZFq3kdwaUhiotXCXzDFjVCAP3udzGsx5CicgLLXd4PR,True,27003227,6750806,42225,21112,21113,3zqXX6kzhkbW3d4TwD2CNjMRwxTbREXySekvq37kfCNk,1689024,19956948,-18267924,625
2022-02-23 22:30:11-05:00,12339,FRvMjD6zc3KXqdj5VhPBUaW7qHYktbc9WzPYPAiwtZrx,91LzVLfMLiLGjs7MJjz1JgUr2L65Mf4GP7yVkGinnCxq,True,123237516,30809379,192069,96034,96035,3zqXX6kzhkbW3d4TwD2CNjMRwxTbREXySekvq37kfCNk,7682764,30680522,-22997758,623
2022-02-23 22:30:19-05:00,12340,4yhW5mBsFVNgQ5QQc2Yg65guctPsTSXcERbzmYM6rdnL,5uJnMZ6DWA9bMSvHvS5zomwtt1sv7YCWq3GDJh77YC3q,True,47273,11818,73,36,37,HfEnetJ7uBSmZWCjBNxdvv9HEC5nsW4wDV7wu6WnhWan,2925,60283,-57358,618
2022-02-23 22:30:19-05:00,12341,8GdYhwX26GRmVfGFCbJ3MJrH1UdneN2FNRUexhLsqprN,DpUTHSVucDPyCWoLCdpm8EFRZFiKL88tmnSiWG2TRpS8,True,43103,10775,66,33,33,HfEnetJ7uBSmZWCjBNxdvv9HEC5nsW4wDV7wu6WnhWan,2678,54599,-51921,621
2022-02-23 22:30:19-05:00,12342,s3MwEMLs777XFqetPJT55cw8NYXg8uHqr6Bnxdvq3bE,GN2D9JsJ8oXhSHXTvvWnoXDfv8JLVYx3ZGNwjAV2Dd3j,True,3168202,792050,4926,2463,2463,HfEnetJ7uBSmZWCjBNxdvv9HEC5nsW4wDV7wu6WnhWan,197063,786363,-589300,622
2022-02-23 22:30:19-05:00,12343,AECUZGm5DjFvbLZEUYhepSPg1Wa7hBjxF9e7ZRBzRPhm,Ar7e1iLKAqa54QiQnXifvnETixDZT1T8KL5YWJA8Ykv1,True,58367,14591,91,45,46,HfEnetJ7uBSmZWCjBNxdvv9HEC5nsW4wDV7wu6WnhWan,3651,73935,-70284,625
2022-02-23 22:30:19-05:00,12344,EbScW49FqTmK83BKPFVZWdrJ4XAfoATRT7bbZQZC1anL,3tfG6ocjfFsr7u53NRhcnhNvRqRbmyEa5t37rMhtLyY1,True,1332092871,333023217,2076711,1038355,1038356,HfEnetJ7uBSmZWCjBNxdvv9HEC5nsW4wDV7wu6WnhWan,83068462,622656625,-539588163,623
2022-02-23 22:30:20-05:00,12345,Gfe4UgUGqvzcehSbETrWwLRAcqzFnkTrs6vJx8h6kTxi,7exMQ8sLti4Pmb2ZQtZhyuWRuQ6pq7XSXL9sCcWTqCvF,True,3905808,976452,6058,3029,3029,3zqXX6kzhkbW3d4TwD2CNjMRwxTbREXySekvq37kfCNk,242351,4884114,-4641763,620
2022-02-23 22:30:21-05:00,12346,CygwJ5Z1ZP6xfjN1ZGH7yw8b2oYvf6JTpenXx7A5yFdt,59VKgJtBCTb3Pji7BWtqttisBYVVCnWtyEn5Eba5r52Y,True,837071,209267,1304,652,652,HfEnetJ7uBSmZWCjBNxdvv9HEC5nsW4wDV7wu6WnhWan,52190,996742,-944552,623
2022-02-23 22:30:21-05:00,12347,6kt64nJRnYaWMi9GbpZaUuhbToAVRd7FUMTGASAAJrve,2Sdxv9ZtogNcVbJwBPxKmVjwAiKyX5GHEfnRmFcydQ1G,True,5591901,1397975,8724,4362,4362,HfEnetJ7uBSmZWCjBNxdvv9HEC5nsW4wDV7wu6WnhWan,348985,6426280,-6077295,624
2022-02-23 22:30:21-05:00,12348,4cNmhgaMic1xBiaDJ6phrQuXmm8WfF1qjyYMqZcKG4c9,43vgfXiLTtcs1bkrcDar2iz9M6RMbGqbA6BMkBHdh7T4,True,45154,11288,70,35,35,HfEnetJ7uBSmZWCjBNxdvv9HEC5nsW4wDV7wu6WnhWan,2816,57697,-54881,623
2022-02-23 22:30:21-05:00,12349,8YMEydGnQH9W5AEXFGquFkb1bcf3PcxiMvYBSMPXKJyQ,3CmWH8eYtkmHNisqMmMBLff6C6z6ZcSj38KoQ34DPUE7,True,37706,9426,58,29,29,HfEnetJ7uBSmZWCjBNxdvv9HEC5nsW4wDV7wu6WnhWan,2346,44886,-42540,622
2022-02-23 22:30:22-05:00,12350,73Wkg27usHy8knWENTmb9zbikugYh93JvBB2bF855vZ2,J9WaUA7r8ct4ZG8o8ATZjvHUPuCYqY42aTsr9xveW5BX,True,50423773,12605943,78894,39447,39447,3zqXX6kzhkbW3d4TwD2CNjMRwxTbREXySekvq37kfCNk,3155778,77875820,-74720042,625
2022-02-23 22:30:24-05:00,12351,6Y7FZTyXEwKHvoYQGDnuZShg8YFgZUetGt4eoBpPPp7E,2dkDLHmDZKUA96PPUvkz6s4g1cMeJfaF5t68VexgooFo,True,813782,203445,1271,635,636,3zqXX6kzhkbW3d4TwD2CNjMRwxTbREXySekvq37kfCNk,50850,193588,-142738,624
2022-02-23 22:30:25-05:00,12352,HxhVxMpFpKzeuC6Z6CpsuUhPHdHUzvpMNYJ8LpQ3NYCp,8KyiipC39iU15zVErVvj6hdhbv89STsexrB8dVw3RcLs,True,50460,12615,78,39,39,3zqXX6kzhkbW3d4TwD2CNjMRwxTbREXySekvq37kfCNk,3153,64149,-60996,624
2022-02-23 22:30:26-05:00,12353,68F35fonSGS1P6LMYmAmeoM8kC6Z78NabMqYLeCZr9GJ,8apmWSZdS8s1ScoNVj4AvSJsbQCj1drU3HL74khuANT2,True,51212,12803,79,39,40,HfEnetJ7uBSmZWCjBNxdvv9HEC5nsW4wDV7wu6WnhWan,3195,64967,-61772,623
2022-02-23 22:30:26-05:00,12354,3R2wxFQwjCqUwwxJmp9tNrT6osYFpB5gczq2QYik6QYm,7At5Ej3ZsynfWr56FYrd4P4Y6UtD8FHA4gCFB8TaAyaG,True,48171,12042,75,37,38,HfEnetJ7uBSmZWCjBNxdvv9HEC5nsW4wDV7wu6WnhWan,3006,61181,-58175,624
2022-02-23 22:30:26-05:00,12355,45AiuRBbmupfwYXqsWwKHtmEWN8XNJDUSHwHL3b6PvHc,CfvwVkxYPP3jqK2dpAvSRFA1513E9ti84mEpYgtkzFUt,True,81866,20466,127,63,64,2BPYaeCXY4BCFSGFSfiGtqmhzJ4fkhYLxGjqFvLCB6hG,5102,100740,-95638,623
2022-02-23 22:30:26-05:00,12356,2DHhfXSzcuSwsKfAYLMuWuD17w84mCwNer9fcBNLTpSc,89BVfDycKjdSkQzFVqCXd5c16DntdND7WsqoZtCafYFH,True,2303984,575996,3585,1792,1793,HfEnetJ7uBSmZWCjBNxdvv9HEC5nsW4wDV7wu6WnhWan,143417,2850289,-2706872,622
2022-02-23 22:30:28-05:00,12357,9WRDBHzD4aNHw5qvrhc6nqXCBLA5D7YYP8TvSrLksXd6,GwxWNmv9XDkqQsx7DfCMccFjVik8asPnFU9gtnb4UVx,True,37259,9314,58,29,29,HfEnetJ7uBSmZWCjBNxdvv9HEC5nsW4wDV7wu6WnhWan,2328,47331,-45003,624
2022-02-23 22:30:28-05:00,12358,8GhXRNmsEgFgKPhGNNgEPUywVzW3bE7uZRWys2P1yNeJ,Bvi5vD5fhRFNdVhEXsSv9vkJzyQzgEswFHBxowkUEgF,True,415309,103827,645,322,323,3zqXX6kzhkbW3d4TwD2CNjMRwxTbREXySekvq37kfCNk,25805,522691,-496886,621
2022-02-23 22:30:28-05:00,12359,2AAWghW6BUAFBtF3R6hB9uoqMc5oUDkU8FTd2JrXKema,798cfEUZ2YhXwNTNjXMS4Z2J8gAHaK4zZwpMkq2HzWWM,True,258617654,64654413,403080,201540,201540,3zqXX6kzhkbW3d4TwD2CNjMRwxTbREXySekvq37kfCNk,16123201,229096260,-212973059,623
2022-02-23 22:30:28-05:00,12360,6X5por58mMECmNZQEWpo8M8aA1eHJqr5LNeV9vC7GW5e,DPB2C5UB2Ls1kNzbs1GP33junQvhUyFJWP75RoYjqByn,True,2566489,641622,4008,2004,2004,HfEnetJ7uBSmZWCjBNxdvv9HEC5nsW4wDV7wu6WnhWan,160351,4996711,-4836360,624
2022-02-23 22:30:30-05:00,12361,6TvTxJWSPeyaTVm8PmarVDzxhbTqnkyoabQTgihXyGMj,62ngTMHaRDFjpvzasDgfmgyJ5T6jS9PmYgy97HCkyQS4,True,1360822,340205,2124,1062,1062,HfEnetJ7uBSmZWCjBNxdvv9HEC5nsW4wDV7wu6WnhWan,84993,451458,-366465,624
2022-02-23 22:30:30-05:00,12362,6bMu9G5S9o2CSgHegDAymE4UcxrnKH9UfPE5iUmUJ6Aa,ACG6V3LfAH3JtJbBhiumrx7c4QciavNmGWKfBFt7eRz7,True,2983659,745914,4668,2334,2334,HfEnetJ7uBSmZWCjBNxdvv9HEC5nsW4wDV7wu6WnhWan,186724,1426030,-1239306,625
2022-02-23 22:30:30-05:00,12363,oTq8BsGLNc2ddcdR7ELnCXgzf4KvtA7REmfbFKo56FT,4PgxGgi2UaB753PFyELQCrJy7phAkYsW4e39J9wGWrcM,True,3023745,755936,4725,2362,2363,HfEnetJ7uBSmZWCjBNxdvv9HEC5nsW4wDV7wu6WnhWan,189002,6064195,-5875193,625
2022-02-23 22:30:30-05:00,12364,7afnF1MkAootZGWc7zsMVLpBuve83hGmvAHkfmwgsq5A,HKdJE8bReznq1Qxqd5iZ4nWQGCk62Vo5TpkRD51bpbGp,True,49421,12355,76,38,38,3zqXX6kzhkbW3d4TwD2CNjMRwxTbREXySekvq37kfCNk,3058,62791,-59733,618
2022-02-23 22:30:30-05:00,12365,8VQ21PFXdHBNmiZiF18LyGvsRSpr13vkyktfembNCe3m,5exbVC7vaGFeHEGAx7epYfMaU932QafqzfhFm5FKAq2H,True,43513,10878,67,33,34,HfEnetJ7uBSmZWCjBNxdvv9HEC5nsW4wDV7wu6WnhWan,2688,55231,-52543,617
2022-02-23 22:30:30-05:00,12366,G8nRLTWTT5aD7q7TcSa2mw7p12GUuHDVq5ev4vyXbdKi,3DmQyungZMK4T1a1PgXh5shBskwP69tTLmZPh7HZ76vh,True,70296,17574,108,54,54,HfEnetJ7uBSmZWCjBNxdvv9HEC5nsW4wDV7wu6WnhWan,4344,89241,-84897,617
2022-02-23 22:30:30-05:00,12367,7Dm3syN4P2mbBLFKyHTrtnSWY4hadGXiKB9EekTdT68S,HF97QS1dqarPMWgNmtcoaq6z3rpJnzAAAfc1PP4FwRhV,True,42775,10693,66,33,33,HfEnetJ7uBSmZWCjBNxdvv9HEC5nsW4wDV7wu6WnhWan,2644,17938,-15294,618
2022-02-23 22:30:30-05:00,12368,HZJyrD4eqM4nKnyRh2JAs1sC2TaJxFhNPixBdK7PLMuS,Hycz71z4tEsKUogJnefT2GN3MPCLdTJdv9B6T82Ngw2u,True,206981,51745,318,159,159,HfEnetJ7uBSmZWCjBNxdvv9HEC5nsW4wDV7wu6WnhWan,12734,265060,-252326,615
2022-02-23 22:30:31-05:00,12369,AzLdwyd8Q4V3iMaSwWgvWwQ9nCs7X7YV2YKpd6CH33nP,BYjeXF5YkcJy3mNMbvfHzXTtyjkc4U53hM5tvfERUH8y,True,47801,11950,73,36,37,HfEnetJ7uBSmZWCjBNxdvv9HEC5nsW4wDV7wu6WnhWan,2942,60698,-57756,615
2022-02-23 22:30:31-05:00,12370,EAUFD16wab8qRMJ4H6updHGt4xFqgRCDeRHVCsLCTSTL,8vkfYSyCyBY9g4TZrp52jUcQj6udy9xAaA4fioRE2RXx,True,28817520,7204380,44357,22178,22179,3zqXX6kzhkbW3d4TwD2CNjMRwxTbREXySekvq37kfCNk,1774309,22209204,-20434895,615
2022-02-23 22:30:31-05:00,12371,E4hzgCW69WjwBVWvTv4EvyTLT63dVBrS2gXeHCaezPrb,GTxQfXHAj9HTiwu7EwEKAQ1ZKoZDmcBgevJoZUDag1Gr,True,51847574,12961893,80286,40143,40143,3zqXX6kzhkbW3d4TwD2CNjMRwxTbREXySekvq37kfCNk,3211458,21331441,-18119983,619
2022-02-23 22:30:31-05:00,12372,FSjUzAuFJJDeBerdVPJbWjTyD47GpJRat2h1eCUD1HPH,GT4MarSodCNayJqgVEYMkJQjRvCYYb7S8WJoSaLC144U,True,46744848,11686212,71558,35779,35779,3zqXX6kzhkbW3d4TwD2CNjMRwxTbREXySekvq37kfCNk,2862322,15285724,-12423402,612
2022-02-23 22:30:34-05:00,12373,9QZvB1Gqhk5PKt3MoJMjZL3FaU2bTbTDcVw3nF316zh7,DGJWGr9RCWkzdWn21mWG7NyUN8uuvSQbA53HojFJe1rH,True,619188,154797,951,475,476,3zqXX6kzhkbW3d4TwD2CNjMRwxTbREXySekvq37kfCNk,38047,759982,-721935,614
2022-02-23 22:30:34-05:00,12374,69byqtDPmgEY1NqKBCR95CEPVHRUxgbNW9Y4P4HjQ7ND,E47T4q4zMGzNL6vDxgWdLn3EQbW3WfVryr8Jsymy1hAL,True,79392,19848,121,60,61,HfEnetJ7uBSmZWCjBNxdvv9HEC5nsW4wDV7wu6WnhWan,4871,92700,-87829,613
2022-02-23 22:30:34-05:00,12375,H9x7aqrwAJEoroauhdaUJZpB8dpg2dCTNLQvEUom6yf3,D6McF2W8BuEgAAQePRwpc4XrpqR7d3UStgy9dyKLPLT5,True,38068420,9517105,59255,29627,29628,2BPYaeCXY4BCFSGFSfiGtqmhzJ4fkhYLxGjqFvLCB6hG,2370236,8641816,-6271580,622
2022-02-23 22:30:34-05:00,12376,ANXYsUNpZ34dBt7cp6HEE7oi2pTKsbj7B5TeFHKPbHBU,2pqeP4fuMREosHcfWUecEBssp1GM4isihNjn7ALUD51d,True,58499,14624,90,45,45,2BPYaeCXY4BCFSGFSfiGtqmhzJ4fkhYLxGjqFvLCB6hG,3615,74321,-70706,617
2022-02-23 22:30:35-05:00,12377,AiLCB8xw3k5FXdJE1T42PLFhHrz1bLTKpNekR61a915N,HB7CNWxLipWAc6MPGq9wV4TT7AYjiELA5T3onYeVqBbU,True,966400,241600,1491,745,746,3zqXX6kzhkbW3d4TwD2CNjMRwxTbREXySekvq37kfCNk,59657,1237892,-1178235,617
2022-02-23 22:30:35-05:00,12378,D6qMab7uevXTa89ssv4BRyHwrw3FYpNimAmX2VH2uf4B,8ZauZ5dAp7kyawkPdxi4mqfempFHubJebfBenQdDektD,True,26306,6576,41,20,21,HfEnetJ7uBSmZWCjBNxdvv9HEC5nsW4wDV7wu6WnhWan,1644,34649,-33005,624
2022-02-23 22:30:35-05:00,12379,AnqmmhzVDCNq4dE4VvYkPDGB9nMXr4ykqvUhwxhR21pd,CcMeofCvvrDaBzgAGzoPwRt5eQmzdB1z2Y6UiwGqhFbG,True,553592,138398,864,432,432,HfEnetJ7uBSmZWCjBNxdvv9HEC5nsW4wDV7wu6WnhWan,34585,849899,-815314,624
2022-02-23 22:30:35-05:00,12380,HkGu9GbjgmWLB22LRyksUYJzCQSuddMZ7SjzSfBPEtPP,5vYmca8XR13M9DT5Vam6sXD43ZGXJmpLsX6aVS4Xagv3,True,9748969,2437242,15205,7602,7603,HfEnetJ7uBSmZWCjBNxdvv9HEC5nsW4wDV7wu6WnhWan,608200,2101733,-1493533,623
2022-02-23 22:30:36-05:00,12381,Go3ne58krEsFsZ5yu9EBT7od15VCYmtbs1KhumRMTiXS,HCvwQ7HjmmeDXrguZQPrAbJjcCJzHqVZK2JMSFkFDWfe,True,16477,4119,25,12,13,2BPYaeCXY4BCFSGFSfiGtqmhzJ4fkhYLxGjqFvLCB6hG,1029,21716,-20687,624
2022-02-23 22:30:36-05:00,12382,Dqnxcekm1QfxGQ2FSJ6SjFiwmaQRWEjW9WTJQG4AjEpE,9JiMtjm5AJqngosRg787FiN8NyuBPuAPD2jYpRQkAc1d,True,62603,15650,96,48,48,2BPYaeCXY4BCFSGFSfiGtqmhzJ4fkhYLxGjqFvLCB6hG,3862,79600,-75738,616
2022-02-23 22:30:36-05:00,12383,CMVVfXQYALSc58NLD67L8YrJAbDHZ9rFZvYQC7r8Png4,44pytMX14zaEQv6aRQ223CxYB2uTP7VUTQfUY58EkaNB,True,2237419697,559354924,3495365,1747682,1747683,3zqXX6kzhkbW3d4TwD2CNjMRwxTbREXySekvq37kfCNk,139814606,715609390,-575794784,624
2022-02-23 22:30:36-05:00,12384,99tQFtQ4ZMjw794wejeDxFspU4TawDvPFAq3wwCyLfXm,F9yPV4xQenSaexJPogD3CdkWFzsKFayuXGBL6TMGECPR,True,3739,934,5,2,3,3zqXX6kzhkbW3d4TwD2CNjMRwxTbREXySekvq37kfCNk,234,1243,-1009,625
2022-02-23 22:30:37-05:00,12385,DjbEch16uzdDtujFUeqxjquTTS3JXzEys8e9ogUv3aTy,6N8eKb3kfcbJEUZKZERiFiUR4hubB635D8Sotiji2TU8,True,5787804,1446951,8962,4481,4481,3zqXX6kzhkbW3d4TwD2CNjMRwxTbREXySekvq37kfCNk,358480,6686054,-6327574,619
2022-02-23 22:30:37-05:00,12386,4HDEN1Thxm9RbdE8pXnLP4QksVdXfp7Fa9nAnMRzr7oR,8gD3DbF6VhPTCgk3A4G7iA4f3DPH598Hj7TRJ2FebMCq,True,62071,15517,96,48,48,3zqXX6kzhkbW3d4TwD2CNjMRwxTbREXySekvq37kfCNk,3843,76387,-72544,619
2022-02-23 22:30:37-05:00,12387,8XcMucCQpWfNtbdCYnKuabk91NQ9wfYp7byk496CwU9n,DLrApDfWcyMqufEFZm9PvddsMoiediT58X8e8pxpnzrk,True,78797,19699,122,61,61,3zqXX6kzhkbW3d4TwD2CNjMRwxTbREXySekvq37kfCNk,4885,96899,-92014,619
2022-02-23 22:30:37-05:00,12388,9hB3EPuj4SrSrpAzHvExDb6mzh2vNGGVbj7qqfRjeao4,9725jRXGPRUuo1dijvv8mwzvSu1ed4y5hi9FAQNwb8dG,True,816198,204049,1252,626,626,3zqXX6kzhkbW3d4TwD2CNjMRwxTbREXySekvq37kfCNk,50096,1037796,-987700,613
2022-02-23 22:30:39-05:00,12389,AgokoeqypXXfMsjAyBXPRrJFGeP7B7D6SXvnGUTwMdap,53zBz3fTZisWQH1v6NHyhCdpLXx5NaPNp7uW9KPXLDan,True,4579030,1144757,7096,3548,3548,HfEnetJ7uBSmZWCjBNxdvv9HEC5nsW4wDV7wu6WnhWan,283854,2822393,-2538539,619
2022-02-23 22:30:39-05:00,12390,CM95f7KjJuAf1xVTWhu3wrp6BfMz116FbgkxBhcRNs4k,EG55wkH5NcoasfBUYhD5D2dc2uvo11dZ3uTu5wgs4gf2,True,83943,20985,128,64,64,HfEnetJ7uBSmZWCjBNxdvv9HEC5nsW4wDV7wu6WnhWan,5151,102817,-97666,613
2022-02-23 22:30:39-05:00,12391,4eba4qAmwfqmihaYvTWFU9hm4VYrKvNhNywHNyimQJNK,G1DyxJcNQD8u4KGfnwxttyrJMfse1FBAsofioEMdTS9U,True,298195,74548,456,228,228,HfEnetJ7uBSmZWCjBNxdvv9HEC5nsW4wDV7wu6WnhWan,18278,381513,-363235,612
2022-02-23 22:30:39-05:00,12392,F5KeSVqcP3C5G7SLQypv4G89gH5eCyoapPDxhyJdhm1L,CCYEZ6ttzu5PxK2yDg26ATDjMWmthLJo6Sbi7iGgExjY,True,27817891,6954472,43382,21691,21691,3zqXX6kzhkbW3d4TwD2CNjMRwxTbREXySekvq37kfCNk,1735309,13333271,-11597962,623
2022-02-23 22:30:39-05:00,12393,G3FyuVbgmF4vEeF3M4px135agQXeQXx4G4Bo6NonLRwp,F7Bzcy5G4HkHzoKJK6xTYDv1VmevtPXAUmAu6UGQNgmg,True,38315,9578,59,29,30,HfEnetJ7uBSmZWCjBNxdvv9HEC5nsW4wDV7wu6WnhWan,2393,9433,-7040,624
2022-02-23 22:30:39-05:00,12394,2ZX5NexeuZq25mAfBFDrwd44UfKhWgzmSwdhWFmo48c7,CpNnhSqg7EHn9g84gHoo831sVrAe5SkwNaEZAash4CXs,True,325068,81267,499,249,250,3zqXX6kzhkbW3d4TwD2CNjMRwxTbREXySekvq37kfCNk,19987,416479,-396492,614
2022-02-23 22:30:39-05:00,12395,6Bq55LtGCEeGqh4JrFLCmmGc2iJfTTBJixivqH78aGSE,DSNrCgWJeNe2P9tAQu5FvCueTzNKDKds7wzuwTQSMRG,True,1265,316,1,0,1,HfEnetJ7uBSmZWCjBNxdvv9HEC5nsW4wDV7wu6WnhWan,77,1513,-1436,608
2022-02-23 22:30:41-05:00,12396,Bbd196A866Y9rQWQFt4YGg2R6Jqj7WQGXWPDmrNtPcKf,5gmWk1KwLoRHnhkjxps4Ad6aVk4ZpcfC3McZCWDVCUbu,True,46042,11510,70,35,35,HfEnetJ7uBSmZWCjBNxdvv9HEC5nsW4wDV7wu6WnhWan,2820,60607,-57787,612
2022-02-23 22:30:41-05:00,12397,FkZhhccPu4gveq1JHW6euEKoS7SC2VBgVPy1B99x9tim,2f5UVLjutRnnVyCD64tPo5XCwhzAEoXU6YCmgNRH6uyk,True,3330,832,5,2,3,HfEnetJ7uBSmZWCjBNxdvv9HEC5nsW4wDV7wu6WnhWan,208,4168,-3960,624
2022-02-23 22:30:41-05:00,12398,3oCun4gm3k8sXxVxiYM8okGi8iCXH9LvDkHf9PBQWYXR,E1np1dZ7jUm811ddvy1jQerBwGSYb5BbZWnUHeotvrfH,True,148197,37049,227,113,114,HfEnetJ7uBSmZWCjBNxdvv9HEC5nsW4wDV7wu6WnhWan,9081,88541,-79460,612
2022-02-23 22:30:41-05:00,12399,5NFyXTfTwM6FtMyvt5uMfGimgyqNR7C51ynMLmLn6Rt3,34q2UK3gzerRCBTUmEgE15u7MW99YwmdhVbXwtHDQW1K,True,1213122,303280,1895,947,948,HfEnetJ7uBSmZWCjBNxdvv9HEC5nsW4wDV7wu6WnhWan,75801,862679,-786878,624
2022-02-23 22:30:42-05:00,12400,GM22yjVoBCzgBcVTT5EcgRhVWiXVV82kSj1dPCbegKWj,CDDy8JmJMwJyx1YAvEPpj8AYxCpngRovf3wWfVzao5Rc,True,28384,7096,43,21,22,3zqXX6kzhkbW3d4TwD2CNjMRwxTbREXySekvq37kfCNk,1732,20890,-19158,610
2022-02-23 22:30:45-05:00,12401,HRN438yBJSX72GV4E3JYLKpwQcnZXgAoB2VkmgXzEKDE,4jEn7ssEM8ZUjAyaKogEb3uyMmbZJ1a7WGCPNgh1Xfty,True,43282,10820,67,33,34,HfEnetJ7uBSmZWCjBNxdvv9HEC5nsW4wDV7wu6WnhWan,2708,48126,-45418,625
2022-02-23 22:30:45-05:00,12402,SCtptafLHdkTiYC3e9sv853xNnusHLpoMPxTc1zUVC8,2HF9ggN6EbkYGz3Ajj7tB8m5YF3Yj77Vy96DMFSz5C7j,True,222904,55726,342,171,171,3zqXX6kzhkbW3d4TwD2CNjMRwxTbREXySekvq37kfCNk,13688,265841,-252153,614
2022-02-23 22:30:50-05:00,12403,8jyD7TX1Ht3jVpTtSsec2YM7PAFq9kgop6xoRTFLEFUA,A4YQqSqtcz1MLrr5qQAGyNC564GbVJ1P3nD8hFz8XXMa,True,1149561,287390,1796,898,898,HfEnetJ7uBSmZWCjBNxdvv9HEC5nsW4wDV7wu6WnhWan,71858,1484933,-1413075,625
2022-02-23 22:30:51-05:00,12404,HoJ3Re4BmCYKMJx2RUYtoHfg8ncEy3iFqvWJDGKqfMBV,2qg4FMcurNDVRzXYKwpzEYapxFECnAyU2oGmxQCSf3hf,True,39527,9881,61,30,31,HfEnetJ7uBSmZWCjBNxdvv9HEC5nsW4wDV7wu6WnhWan,2456,52260,-49804,621
2022-02-23 22:30:52-05:00,12405,6kscNwPWgKoW7MHRkB4ajxWF3DXLmXjmx9KjDnzikhfs,D49nf79UmrALDKnAa5kf94nZUffzJW7anLm4hVrFG2b4,True,1376827,344206,2134,1067,1067,2BPYaeCXY4BCFSGFSfiGtqmhzJ4fkhYLxGjqFvLCB6hG,85360,1648218,-1562858,619
2022-02-23 22:30:52-05:00,12406,6VBYUiLyQXvvsDmq1vh1oJ5VeA89tGgxtkgFfofc372m,35pyoeRA4duKX7njdYny3KffM2xaxuWUZGRUMQJ5iAiu,True,5563456,1390864,8666,4333,4333,HfEnetJ7uBSmZWCjBNxdvv9HEC5nsW4wDV7wu6WnhWan,346650,6438371,-6091721,623
2022-02-23 22:30:53-05:00,12407,7DC4vSfzvRkYzhBg9zEgQ3yqpyNDWpDQJjM2vWpP5drW,DbbMNqbVLJsYHdDeo78rjbS4NVGUmWvDXRrT4CtneSC9,True,333458,83364,516,258,258,HfEnetJ7uBSmZWCjBNxdvv9HEC5nsW4wDV7wu6WnhWan,20664,95240,-74576,619
2022-02-23 22:30:53-05:00,12408,3gdApRPkUGEqmLvTYf4WQJCnmTVmiEU2wCQG26QMpqKf,HpP2yxq3KfYByT4q4p2mLaELnPdW6kmEY9EqZaBZuUNR,True,54895,13723,85,42,43,HfEnetJ7uBSmZWCjBNxdvv9HEC5nsW4wDV7wu6WnhWan,3403,67286,-63883,619
2022-02-23 22:30:53-05:00,12409,JCagxpXPs6wVRUWbNBPCZ4uLCkZsachnofN7SZEEwGwB,5uGj1TBCkc7FV4ffdBJg31yLcCxkQLxRExjcinnJUow9,True,134734052,33683512,210485,105242,105243,HfEnetJ7uBSmZWCjBNxdvv9HEC5nsW4wDV7wu6WnhWan,8419421,128546381,-120126960,624
2022-02-23 22:30:53-05:00,12410,DakevNrDK5fAUGkLdrWHrsLZm8hEZBqkzUiwJouaDPPY,73nFhK7cygPgwKveXrdXcQVte8n1z3iBe4nmUVTGfFmv,True,3255041,813760,4999,2499,2500,HfEnetJ7uBSmZWCjBNxdvv9HEC5nsW4wDV7wu6WnhWan,199986,2883593,-2683607,614
2022-02-23 22:30:53-05:00,12411,Cj8xGB65pB9gFLbgZ9cSU3ovzLF7vbEcwe5J8DkCBDvo,7KMyTu1gEu9GSzMvg2kfPrhqvek326EJyNGcpgo7uumF,True,699333426,174833356,1084292,542146,542146,3zqXX6kzhkbW3d4TwD2CNjMRwxTbREXySekvq37kfCNk,43371705,158948279,-115576574,620
2022-02-23 22:30:53-05:00,12412,CK1SjmBjrW7m1QVZbVZsVZgwEcxw8BTkckkzrZDrDdxW,M6vnBg1TPRhLu7sghkxtf5TkSLw5JhgoDmbGoyEYgR9,True,91974,22993,140,70,70,HfEnetJ7uBSmZWCjBNxdvv9HEC5nsW4wDV7wu6WnhWan,5619,113011,-107392,610
2022-02-23 22:30:54-05:00,12413,HUe9LgGBjMeNxGyeCtmXr2XbWVFhHXrvgc2XSqCwN11D,7Z1nR9GgezBXsDX5wW3BBarfMRMZV28rX6MeLRuWtycG,True,837148,209287,1270,635,635,2BPYaeCXY4BCFSGFSfiGtqmhzJ4fkhYLxGjqFvLCB6hG,50802,995279,-944477,606
2022-02-23 22:30:54-05:00,12414,CcfycMNGUqZLA6EEqtDdftSbQhTL11SYn3LxQqJ23Xgh,Ce7NW9CpB9qGYLf8XUDW49ERutoxtjZSjs54xrzF1fYN,True,78015,19503,118,59,59,HfEnetJ7uBSmZWCjBNxdvv9HEC5nsW4wDV7wu6WnhWan,4741,96185,-91444,607
2022-02-23 22:30:55-05:00,12415,2TX5VVdU5eEyJvmhZw3kryUeoC7TnKwoTerd8g2y3TPu,5y3GUw6HECEDFf6FshpeqFV2QhCr3EDs4ouYYhWSq4C,True,31617371,7904342,48818,24409,24409,3zqXX6kzhkbW3d4TwD2CNjMRwxTbREXySekvq37kfCNk,1952751,7835399,-5882648,617
2022-02-23 22:30:55-05:00,12416,H458vCw7tnmFmPgmmg1HaMmN35mqfnMSugKxddMgSWfX,E25tbasspnw8yTYh7q2VLG7DSvDH7M8N19eQwAtgQtfV,True,3241654,810413,4933,2466,2467,HfEnetJ7uBSmZWCjBNxdvv9HEC5nsW4wDV7wu6WnhWan,197328,698175,-500847,608
2022-02-23 22:30:57-05:00,12417,GdfY68PQzNyTjnd7Ex4fG7mkmhF2gBnTBMPpyD1Qkh9S,DSGr1DQruEnNrGCCYTEpKmBb71RSwdw9eJHFoYWnCGyS,True,2700100,675025,4140,2070,2070,3zqXX6kzhkbW3d4TwD2CNjMRwxTbREXySekvq37kfCNk,165603,1218996,-1053393,613
2022-02-23 22:30:57-05:00,12418,GqFbV89UYbQ6aEW1bSvGnnsDtTPQfHPTHzisXPhLnaTC,6X7j3nqmugRyVVw83uSzgiPaemEscc8VdsnPEKDz4fg2,True,38483,9620,59,29,30,HfEnetJ7uBSmZWCjBNxdvv9HEC5nsW4wDV7wu6WnhWan,2384,49107,-46723,619
2022-02-23 22:30:58-05:00,12419,9cRx2sGeqENLrNkvzLSnuD161JshSav6pNg9c7pYLi8f,13ryjUoWLejTLDQKh1m69VFD31onMx8yhzCKhqbeU6s6,True,220615,55153,343,171,172,HfEnetJ7uBSmZWCjBNxdvv9HEC5nsW4wDV7wu6WnhWan,13734,274162,-260428,622
2022-02-23 22:30:58-05:00,12420,BZn1DDE568UHeL2Qniv9EDT1yAAWvPJcTtSw4K4GQx44,CCaroU4YwKvYgibMsRPdEBxeDbzcNC4s5ZthxrhywSm5,True,94913,23728,148,74,74,HfEnetJ7uBSmZWCjBNxdvv9HEC5nsW4wDV7wu6WnhWan,5920,116070,-110150,623
2022-02-23 22:30:58-05:00,12421,APbpwRCB9tfma8yoi8upe633XZBtNwc5zVxXVjLwhg8s,BBwryuZZ8msiSFNmGkh13Wgg1PoSutY2Ftgz8odcxPm4,True,435087,108771,679,339,340,2BPYaeCXY4BCFSGFSfiGtqmhzJ4fkhYLxGjqFvLCB6hG,27186,518545,-491359,624
2022-02-23 22:30:58-05:00,12422,2YPm4Ex9mNHX4CuNAUjkrXgoLFaZs6r1X6asYYUnvPyj,BatsG1UFq8ryYuFFcdnDyFWFPUV5P6w2VQpRup5oUey5,True,56931,14232,87,43,44,HfEnetJ7uBSmZWCjBNxdvv9HEC5nsW4wDV7wu6WnhWan,3509,70217,-66708,616
2022-02-23 22:30:59-05:00,12423,ESoDMPSSLWdp6Fr9R6HhJqr7MngDXp37pRXscqT3MY2X,6mEZ1GV1rQPNvuUC8cwsWJ8CMbm4E15MukXUnYrCA96G,True,446119693,111529923,697380,348690,348690,2BPYaeCXY4BCFSGFSfiGtqmhzJ4fkhYLxGjqFvLCB6hG,27895237,201221954,-173326717,625
2022-02-23 22:30:59-05:00,12424,BmLG3dPSnL9hL2okZcNVsHgzuWYCrWLdXW8z5Jd2gyvF,HXwhov5Re9b8D4XHULcVSdgBNfbtZ7KMhMRqSTcQTbno,True,123275,30818,192,96,96,2BPYaeCXY4BCFSGFSfiGtqmhzJ4fkhYLxGjqFvLCB6hG,7706,158094,-150388,625
2022-02-23 22:31:03-05:00,12425,9vC7YwGGXVbXk3keohtvH5H64CH4PS5hwJS7Yxc29qFD,HpC4HuGcfF5BWxd3bXgzs3E4EGSB8nYKWQtVmv2d5TgT,True,5618568,1404642,8780,4390,4390,3zqXX6kzhkbW3d4TwD2CNjMRwxTbREXySekvq37kfCNk,351226,2231159,-1879933,625
2022-02-23 22:31:06-05:00,12426,AjWfwwad4vf9c4M2N43AaU6KhLqPL7qXpyXmq22Mw4pX,93FW4JdWdq6eaAzZk9MnrMCCryK4Q5VPnejWQtWvwLc,True,366817,91704,573,286,287,HfEnetJ7uBSmZWCjBNxdvv9HEC5nsW4wDV7wu6WnhWan,22940,155691,-132751,625
2022-02-23 22:31:07-05:00,12427,Ai6G7vosJfmkRqtDAkqxRtbzELp6P5xe9r2RH3LYcLZt,8SUpKXakmhi4rYiFKnHYpgaAopomfDqEX6Efew9iM6nk,True,1176339102,294084774,1838488,919244,919244,HfEnetJ7uBSmZWCjBNxdvv9HEC5nsW4wDV7wu6WnhWan,73539548,487698101,-414158553,625
2022-02-23 22:31:12-05:00,12428,CYcgATWjZUXrqxJyVTEMkDBv1eyUjb1TZi2raTd1ujvU,7jefj3noz9JDDnJ74YZL946EPJtywSnPsi7ZpgU4Wj1G,True,11444594,2861148,17837,8918,8919,3zqXX6kzhkbW3d4TwD2CNjMRwxTbREXySekvq37kfCNk,713507,5879733,-5166226,623
2022-02-23 22:31:14-05:00,12429,75NA5QiXEHG4caSB9BpafGZPA9eT9S6MhKTFM6eHjz8H,FmoxAVw2zdG6qbyaXKy6gsvi1XY8ZVbSgUNbjsp9EpVd,True,97163,24290,151,75,76,HfEnetJ7uBSmZWCjBNxdvv9HEC5nsW4wDV7wu6WnhWan,6078,114731,-108653,625
2022-02-23 22:31:14-05:00,12430,DENsFT6ZdpY49u447xVXjwxo2Cn3vJXjyvUjoyB8Spoc,C2RSabtDfqwrJEezhPZTzy13bubSuXzaJZmXRJfDmAu3,True,37068413,9267101,57859,28929,28930,HfEnetJ7uBSmZWCjBNxdvv9HEC5nsW4wDV7wu6WnhWan,2314361,10939290,-8624929,624
2022-02-23 22:31:16-05:00,12431,57Vsw8jXaaoLriYEkvPAVyq66r4a4zMfLWbDaTBMjFzC,7AVDWUTHa6729UkXgCXASphSmrLvXYGAA9ygTMSqvwvY,True,46532,11633,72,36,36,2BPYaeCXY4BCFSGFSfiGtqmhzJ4fkhYLxGjqFvLCB6hG,2899,59170,-56271,623
2022-02-23 22:31:19-05:00,12432,DhwZEHBWb1Q2A7UMv964YMKynKGDs8QKLkoiiUzfv9Ek,Bofadf2UxNi55z7ubSzxSBZu9rvkQcRrnK3bbE6Ge6oj,True,856535,214133,1338,669,669,2BPYaeCXY4BCFSGFSfiGtqmhzJ4fkhYLxGjqFvLCB6hG,53541,197010,-143469,625
2022-02-23 22:31:24-05:00,12433,ENAmMM4RjpnDq6ErvdytJNMpbhpmMbepALdoaYESCES9,4hv9KVDTcKtmutUaYQoehWZ32b3GzT6ydQAy19jdfqyX,True,62492758,15623189,97739,48869,48870,3zqXX6kzhkbW3d4TwD2CNjMRwxTbREXySekvq37kfCNk,3909590,15561904,-11652314,625
2022-02-23 22:31:26-05:00,12434,Gk4mpwDEggypoPjyrZcFDbHT8WBwspC5AbQ5uDgaQufL,GTDi3mKTcw1NfwbYx8s8YCkzqbaJUM8YUwYifNr9sjgH,True,8483442,2120860,13227,6613,6614,HfEnetJ7uBSmZWCjBNxdvv9HEC5nsW4wDV7wu6WnhWan,529097,7037582,-6508485,623
2022-02-23 22:31:26-05:00,12435,Fs8MQLaMyr1Q96HsZivKLY7Kjdeu2ZoB2n3VTZ15KbSn,DREfCs5CTVNUUF8H3hD8CWvtxztiYxoLYh8HUWDecMyZ,True,1471001,367750,2293,1146,1147,HfEnetJ7uBSmZWCjBNxdvv9HEC5nsW4wDV7wu6WnhWan,91730,1868134,-1776404,623
2022-02-23 22:31:26-05:00,12436,yWK6vFZq58uYYiHscQTPSBqTDrWEW1SVbqe8NszoTEN,6H1zT5ifGaMKjdvZmptuDYf4Vou7tntdZQPVzQ4hWyjg,True,1154142,288535,1800,900,900,HfEnetJ7uBSmZWCjBNxdvv9HEC5nsW4wDV7wu6WnhWan,72010,888566,-816556,623
2022-02-23 22:31:26-05:00,12437,CxePQ6ZEn2NCLYgGegSeFX1PyBuczP9j5v131VQSPh1c,9gPk7qTRb5JHqBXRKp3uZfhA2VjQAJDQHTzYXGLUdAUC,True,84818,21204,131,65,66,HfEnetJ7uBSmZWCjBNxdvv9HEC5nsW4wDV7wu6WnhWan,5266,104334,-99068,620
2022-02-23 22:31:26-05:00,12438,51VhgthsxrRRr2PT5gLnDfL1A3soqwCxA1UzH9vRUGTh,4QCcd7hfsydQ63LH7Lqsp8oVXw7HuKamzQf8VMH6Lgu2,True,72949,18237,113,56,57,HfEnetJ7uBSmZWCjBNxdvv9HEC5nsW4wDV7wu6WnhWan,4529,89681,-85152,620
2022-02-23 22:31:27-05:00,12439,4hyYkR4vX3HuybAHHKyLgfseU7qBB5r5xYZ3Ye4ssNaM,8EKhsSKPiaueXNNgPqpyNkAy64bVYaRqiJE1CdryT9wW,True,12541545,3135386,19586,9793,9793,HfEnetJ7uBSmZWCjBNxdvv9HEC5nsW4wDV7wu6WnhWan,783473,4059100,-3275627,624
2022-02-23 22:31:28-05:00,12440,3EgUBHBeKWegibDcCsTGaGehnwHYvpMbcPaT1UTbwQ49,Hxd4dsnLD8uHnG7KR7GVmKXBcpN1egMUvoTccPvBcaYA,True,1556608,389152,2431,1215,1216,2BPYaeCXY4BCFSGFSfiGtqmhzJ4fkhYLxGjqFvLCB6hG,97279,1975027,-1877748,624
2022-02-23 22:31:28-05:00,12441,JDg1bbHkYeznDUtSBLhagRJ45aSzeSF5V8iDRJCay9wL,8n7ic28zq5PjJtRcM7Fcy5vLW2YVXw4EWMK6UAt2zh3V,True,1060574,265143,1650,825,825,3zqXX6kzhkbW3d4TwD2CNjMRwxTbREXySekvq37kfCNk,66016,1303741,-1237725,622
2022-02-23 22:31:29-05:00,12442,6kZoofhL5S3U8aQU2VW2TDRZdiBYo1e1o8AUSbSttsAy,4zUpycP3EDmXrC1qjmnHuymGVoBjXQT6yAkvKGW9Gext,True,41223553,10305888,64494,32247,32247,HfEnetJ7uBSmZWCjBNxdvv9HEC5nsW4wDV7wu6WnhWan,2579798,14718364,-12138566,625
2022-02-23 22:31:30-05:00,12443,9XHC2Ycm9f56cDYxRPVKYiYWGKA4y7Utpv3e9gpMsZq3,HpqAdpkzWqoJUNqmHEnn4PZwSB6C6jt8FJZQtZtFqXWA,True,418397,104599,654,327,327,HfEnetJ7uBSmZWCjBNxdvv9HEC5nsW4wDV7wu6WnhWan,26181,498599,-472418,625
2022-02-23 22:31:31-05:00,12444,52hhBAuVyifMNFKGQmSitc8smiEgscXQMzVuZj55j7E5,6B5DBJx9NLytR3fkrYqe5W5ek4rUWsR4nPsRTvRfRwzC,True,1566546,391636,2449,1224,1225,2BPYaeCXY4BCFSGFSfiGtqmhzJ4fkhYLxGjqFvLCB6hG,97963,1989646,-1891683,625
2022-02-23 22:31:34-05:00,12445,8d4LtUwpkNSKRUdFbxhbeeaVc8hABhwjUExt3QgEVQbz,BieULGWXC1yEtuK9y27SMo9ApNDo6jLjxs5egr1Ebsda,True,233208,58302,363,181,182,HfEnetJ7uBSmZWCjBNxdvv9HEC5nsW4wDV7wu6WnhWan,14557,303892,-289335,624
2022-02-23 22:31:34-05:00,12446,4VLzPZLrANH51Du4wmtBSkCpNiQagXohpZZiiX4pB8dp,EcAxuRg6B95S95A9CfKM6wrno5zztAa8h13izv8U6Z7,True,3198103,799525,4980,2490,2490,HfEnetJ7uBSmZWCjBNxdvv9HEC5nsW4wDV7wu6WnhWan,199206,743605,-544399,622
2022-02-23 22:31:37-05:00,12447,7A1v7bFDJwxM7XomePFyRh58SMHxrNSkM3fJygd8pQUN,DL9jCFHaM8BXJ5KE1YJHXNCbXgSdRgt18MHhAgC6TNmg,True,113580,28395,177,88,89,HfEnetJ7uBSmZWCjBNxdvv9HEC5nsW4wDV7wu6WnhWan,7082,134364,-127282,623
2022-02-23 22:31:37-05:00,12448,AeKNHJsY5gWwZZZPvgqZb7TAoS25fQ3pW81QFNeA992E,4ja9TG6tRbQ1xNquFNWdpHWaqdqzbNuZJdu9SyKXB5wV,True,3493384,873346,5455,2727,2728,3zqXX6kzhkbW3d4TwD2CNjMRwxTbREXySekvq37kfCNk,218232,1395458,-1177226,624
2022-02-23 22:31:37-05:00,12449,68qWTKE41JPQMbF7zwqoELSVn2XbjcUMA4UTfER4fcz6,HrDYnhxX1Gm72Kq9H9k44xUfxqELLkC2yoEkkR3LEEHM,True,28749966,7187491,44924,22462,22462,3zqXX6kzhkbW3d4TwD2CNjMRwxTbREXySekvq37kfCNk,1796981,21873910,-20076929,625
2022-02-23 22:31:37-05:00,12450,7EtGovzHsbD8cKGqq4R5rvKBbncR4Kc7CDkTjof2QBMf,8ShjeNWM2vcvUF9yYztYCHUQfcGsyg2A1LyWiPbQDDvq,True,9084,2271,14,7,7,HfEnetJ7uBSmZWCjBNxdvv9HEC5nsW4wDV7wu6WnhWan,568,11533,-10965,625
2022-02-23 22:31:41-05:00,12451,3PPCwAjj8GNphb3cRs7kP1QVghEUX6gWUH3M4JarQsTD,28UR4WKAziiJmPwas5E5JrY3WaUrR2NkYYXCKuxPHTMR,True,12565219,3141304,19629,9814,9815,2BPYaeCXY4BCFSGFSfiGtqmhzJ4fkhYLxGjqFvLCB6hG,785167,14945406,-14160239,624
2022-02-23 22:31:44-05:00,12452,HfwGSiwGiyDFaTS2usYRp82zSmPPQqZukbw2d1BuFs5w,ArtgZbmA33k8Y3EfR6oMJiqT72MUrVBQqifPBdcnrzea,True,28115,7028,43,21,22,3zqXX6kzhkbW3d4TwD2CNjMRwxTbREXySekvq37kfCNk,1754,22721,-20967,623
2022-02-23 22:31:44-05:00,12453,4ne6vC7qdxQYHJCsaeFAKZrKdFt2SwXGHQ3jrMHqt4DL,Cf1dLHY2WXH9rXbRKq5TT8THbdo9SdNUZq4rYhRCF9z,True,63230,15807,98,49,49,3zqXX6kzhkbW3d4TwD2CNjMRwxTbREXySekvq37kfCNk,3924,51052,-47128,620
2022-02-23 22:31:58-05:00,12454,EAtQUZAkQxwJF779DwPcWHZ455FzYX8mzm1uV5LBnhPB,8h8t6GW1Y7xMBfWpfyFfUVBP4apMbJVNg7igZUYZLsyr,True,385753,96438,602,301,301,3zqXX6kzhkbW3d4TwD2CNjMRwxTbREXySekvq37kfCNk,24092,239567,-215475,624
2022-02-23 22:32:03-05:00,12455,5cF5fArh7avaBqRfz8XPrBbn7uMfCkdjVrgAaFXdh7bW,3Wur3gBSbyiuhoNiPGEM18ryxoATHCF9vfn6awt739XS,True,34772,8693,54,27,27,HfEnetJ7uBSmZWCjBNxdvv9HEC5nsW4wDV7wu6WnhWan,2166,13165,-10999,622
2022-02-23 22:32:03-05:00,12456,Ew46nMa9TojSd6MHZjJm79LbLKzF2RbheniWUyBHuXvn,FjzRjSD6qiXcwwFXsFfmKGZbfmfZEYPpqrjc4RAX2Tt,True,191765745,47941436,300059,150029,150030,3zqXX6kzhkbW3d4TwD2CNjMRwxTbREXySekvq37kfCNk,12002378,71291188,-59288810,625
2022-02-23 22:32:03-05:00,12457,69cFodpUtBD5aVvTrRPR2UvhNovtbt1ujzjrWCMRptzZ,CyoTMUR3tjL4JeuA4Zp4mTzLYHigjrtp1MWtD3iraXVq,True,39007857,9751964,60913,30456,30457,3zqXX6kzhkbW3d4TwD2CNjMRwxTbREXySekvq37kfCNk,2436523,11644881,-9208358,624
2022-02-23 22:32:03-05:00,12458,C8EuUJigyRy2ojSuZtDSnc4JxmVqoe5XTr4xaPPmKsyV,6PrUiT94hGcBm2AvkmkrnRnjXkR8WxmtJcvSapde3J1P,True,626573274,156643318,975357,487678,487679,HfEnetJ7uBSmZWCjBNxdvv9HEC5nsW4wDV7wu6WnhWan,39014309,1209100771,-1170086462,622
2022-02-23 22:32:03-05:00,12459,FwTGq3BeMLyRFRa5r4E6nySLgoLNcNdqJsCQxA2i6uh6,88w6ti3WSriyu2FvNjVfrLpGyU5PUvaiJyqrAGPM8TKp,True,45089,11272,70,35,35,HfEnetJ7uBSmZWCjBNxdvv9HEC5nsW4wDV7wu6WnhWan,2822,57281,-54459,625
2022-02-23 22:32:05-05:00,12460,8HWpccoTmPZ9MsrxtvQ5BV5y8a8WBAB1Sxx2WAiYKRLH,9chtr2Nqg77CCCnjC5JqENmUBNxpDHVH6BG3wojn9gHQ,True,52403,13100,81,40,41,3zqXX6kzhkbW3d4TwD2CNjMRwxTbREXySekvq37kfCNk,3267,67428,-64161,623
2022-02-23 22:32:42-05:00,12461,243SAnGxchCVB1LQAUF4SsozR86yDwEdg2QQpbWGsMYe,5u8sNkb2oEQjUXJAB3yGStmv3Uwz16gBgExBo5myVK4b,True,272938,68234,426,213,213,HfEnetJ7uBSmZWCjBNxdvv9HEC5nsW4wDV7wu6WnhWan,17071,167086,-150015,625
2022-02-23 22:32:58-05:00,12462,25NUDrsdLhS3fcARLiTMbbmZHvvzvzPj9xAdoN8sJBN3,8baNRGHfYRcLdhbHNuH72ofAWM9UojqhTMLnbBayzGnW,True,818193,204548,1270,635,635,3zqXX6kzhkbW3d4TwD2CNjMRwxTbREXySekvq37kfCNk,50834,510297,-459463,621
2022-02-23 22:33:10-05:00,12463,B5CTBTggmGFvGFSunjbB4C9tLKcYcULehmEiEXRihY2J,FX3ebF8P89rZBWfR74PDWUzxnLuDkUDgGcPYCBD5sMUG,True,6702127,1675531,10456,5228,5228,HfEnetJ7uBSmZWCjBNxdvv9HEC5nsW4wDV7wu6WnhWan,418253,3852664,-3434411,624
2022-02-23 22:33:18-05:00,12464,HmspGdpobjC5Vbmo3FcKdw4RLPN7wJKxv3uKqDjVhLee,3YEX8TzdyJyuHo76Kw76imVCJjzrC9m188YuRKvwwSwD,True,17968903,4492225,27995,13997,13998,3zqXX6kzhkbW3d4TwD2CNjMRwxTbREXySekvq37kfCNk,1119807,8677653,-7557846,623
2022-02-23 22:33:38-05:00,12465,4Enpw9W2mWGnNYagYQ8WW29RLSs4R5YX4qXCsVqMFeHn,9QwbJmm9QDKXyc4ZViq74BfS35zzewEceXQNnFCgczXu,True,79233987,19808496,123963,61981,61982,3zqXX6kzhkbW3d4TwD2CNjMRwxTbREXySekvq37kfCNk,4958521,31318384,-26359863,625
2022-02-23 22:33:42-05:00,12466,EXP61AETWHw3kHSjrJH1jQBt6cXR9Zebz34Cueb3KAzg,2JT9GrgdUKjuQQtXvZqevbjFquUQBMYDoADmBjDKWXj3,True,1565113,391278,2448,1224,1224,HfEnetJ7uBSmZWCjBNxdvv9HEC5nsW4wDV7wu6WnhWan,97954,1238184,-1140230,625
2022-02-23 22:33:58-05:00,12467,2dm92uFR4iRK6BaXt5sGWZiFAFXMUDHphr9ENjrBNDMx,HjUUKnmbvGwAmzVxMecrY4o8EgfWCzvKukCQRzUggvX8,True,366075,91518,572,286,286,HfEnetJ7uBSmZWCjBNxdvv9HEC5nsW4wDV7wu6WnhWan,22890,78692,-55802,625
2022-02-23 22:34:00-05:00,12468,6A96z21JsmrTkrR993G3kmjv4mkaQj3E85HZ2smcyyqz,HSKt8EiWmzgWcLSEiZvFZVQYHinJKVpsJhAzFfRranzf,True,194334935,48583733,302109,151054,151055,3zqXX6kzhkbW3d4TwD2CNjMRwxTbREXySekvq37kfCNk,12084363,62943767,-50859404,621
2022-02-23 22:34:01-05:00,12469,Eof4deDqTmUHt6T9hPp4LCszrBGNb6dKarcuvuqYFiTU,D9EQCAoXYowjq4h2MDmXjpGnsawuxsR67NWyyUvH14Fk,True,17170275,4292568,26813,13406,13407,HfEnetJ7uBSmZWCjBNxdvv9HEC5nsW4wDV7wu6WnhWan,1072520,3892145,-2819625,624
2022-02-23 22:34:01-05:00,12470,DQX4pfAfWx6y77UCxZiFhY5geqeCMcq7u8W1ErGgTiLx,BH1uBztZpx7oHDeex2EypAdUmmBzvsGJhJFhhaYA8Zhx,True,51527989,12881997,80357,40178,40179,3zqXX6kzhkbW3d4TwD2CNjMRwxTbREXySekvq37kfCNk,3214311,11676322,-8462011,623
2022-02-23 22:34:01-05:00,12471,9bvCk8TP3xSu52mvCGrhL2UtCYvJqXqrU2sEEkqusvqc,FZXwdLW4Gyb6HGCJdTX18FbhPDVU7Hdk88hQrvMu8k4t,True,309744,77436,483,241,242,HfEnetJ7uBSmZWCjBNxdvv9HEC5nsW4wDV7wu6WnhWan,19348,65565,-46217,624
2022-02-23 22:34:03-05:00,12472,Bnt8TsEETmyJCABJXeBY2HLsXEyZZWCZT1QpqUErQJ9a,HEvMM7yt9ddj19rnLtK7fXqLUCFEVzA6YQ3w56LJjTLB,True,12098089,3024522,18826,9413,9413,HfEnetJ7uBSmZWCjBNxdvv9HEC5nsW4wDV7wu6WnhWan,753056,12694527,-11941471,622
2022-02-23 22:34:07-05:00,12473,HXMjB1tdGJUtjXi5sQon6m4XJjfC6X7pdc6jTXApyjsH,CFcAoXdBVcPW7YYqP5ujq7q94DCsP4dLK2XDSwxQutKy,True,1135275,283818,1776,888,888,HfEnetJ7uBSmZWCjBNxdvv9HEC5nsW4wDV7wu6WnhWan,71068,475177,-404109,625
2022-02-23 22:34:14-05:00,12474,GHn96Ev7UmKJWqch3H3wzXpRT7qLg5FBuSBJAATVED1f,BXBSUddfz9MThXqk4517M7YVRDGdTm4pC6G4ipT69TMV,True,272899,68224,426,213,213,HfEnetJ7uBSmZWCjBNxdvv9HEC5nsW4wDV7wu6WnhWan,17051,169543,-152492,624
2022-02-23 22:34:14-05:00,12475,GQviUdocJ1s4FsVDDexanvo5yQWRZgwwkGJBCg7TMtJC,HAX4VAKgQpKtm1149iRgtzvUaUkiXWcA1bJ9ERu6tXkd,True,338177,84544,526,263,263,HfEnetJ7uBSmZWCjBNxdvv9HEC5nsW4wDV7wu6WnhWan,21079,210630,-189551,623
2022-02-23 22:34:14-05:00,12476,8Xt3qHjZG3zLxozgM5vPHMVxp8eYFMg89kaVW7vdHKoA,2i8riSsQpfADD9LUVpiBJBfX5qjVAgmZegzfKx6RG9dW,True,17003411,4250852,26535,13267,13268,3zqXX6kzhkbW3d4TwD2CNjMRwxTbREXySekvq37kfCNk,1061416,8436150,-7374734,624
2022-02-23 22:34:14-05:00,12477,6aW9dhnTNerVd1MPv5GrcYqgjVPE9LsNCGYSJSrNdgS8,8kmJu2UxTk2T37sqxDSrf6pDWhJZRxfRdJB7DLeoWddJ,True,2794171,698542,4273,2136,2137,3zqXX6kzhkbW3d4TwD2CNjMRwxTbREXySekvq37kfCNk,170948,3462507,-3291559,611
2022-02-23 22:34:15-05:00,12478,6K4ZBJDMWeKYHHHSouBVGb95qjKPNKyu62ahgMyhaPSS,ErHUBFxH7pTmeVDg3W6RcGQYoXJpcb1HhssGzANWfPmq,True,2204078,551019,3423,1711,1712,HfEnetJ7uBSmZWCjBNxdvv9HEC5nsW4wDV7wu6WnhWan,136921,935237,-798316,621
2022-02-23 22:34:18-05:00,12479,2niazdR63iWLyZ3ABWZVAnJiEjVyDyLGo4jZ6wh3j2Zz,4RvU5UtyE5CqMStPciiCTdhYCdaUUfdKSYS5nkATs1qn,True,342246,85561,530,265,265,3zqXX6kzhkbW3d4TwD2CNjMRwxTbREXySekvq37kfCNk,21220,213384,-192164,620
2022-02-23 22:34:18-05:00,12480,DCkjozrctZPab1pNCaqcQNi9bNoYPiSpSC4H5jgF5oHr,2mtV7geyySRvNLXBF2eewzFUKeJLVikximahH4M6ttjb,True,247712,61928,383,191,192,HfEnetJ7uBSmZWCjBNxdvv9HEC5nsW4wDV7wu6WnhWan,15353,84049,-68696,619
2022-02-23 22:34:19-05:00,12481,HQFH65hxhAwbGbP4pSCV4PJj2Ec2cyrk6c8XmShJaHp2,DQ9hhWS4FBCZytmfjdAh3Fo15Vkz9hQ4NRuLXF9Y6XTn,True,1356968,339242,2109,1054,1055,3zqXX6kzhkbW3d4TwD2CNjMRwxTbREXySekvq37kfCNk,84390,507210,-422820,621
2022-02-23 22:34:19-05:00,12482,6b7Ro2myM4HcUDqyyW9NEqTWPz8BWpH4eNFSQQci37So,7r7j7rSsa6YZcTuRPfs3KP44MVqUA4Q5NeJGmx84wbHq,True,4342,1085,6,3,3,HfEnetJ7uBSmZWCjBNxdvv9HEC5nsW4wDV7wu6WnhWan,269,5788,-5519,619
2022-02-23 22:34:19-05:00,12483,6k9unyyhVTrGhAhBrFjgumRfBtKFRBrVaeWtYB56LgEg,3n9VYUH53fxmwFwdYKT9xAZYDzjodhMsJ5iGAoJTqCt4,True,342066,85516,527,263,264,HfEnetJ7uBSmZWCjBNxdvv9HEC5nsW4wDV7wu6WnhWan,21101,213447,-192346,616
2022-02-23 22:34:21-05:00,12484,SMkWSHo8n86zBrByL4r9VoLANeerSx9jbJhszdvXhHs,DDWd8N15YFjkwbUiBVjcBhJHTisADAtJchzmX2s2MS2N,True,2570869,642717,3946,1973,1973,3zqXX6kzhkbW3d4TwD2CNjMRwxTbREXySekvq37kfCNk,157878,605715,-447837,614
2022-02-23 22:34:22-05:00,12485,EDSf2w1UyGvbgMuxyoXL58ifR1dviZinnLBYnFmgjcNG,DFenkzbL9SUjs9cSCaHJ1eXK75mHfk3GSPRFs8TSzrFV,True,1640637,410159,2554,1277,1277,HfEnetJ7uBSmZWCjBNxdvv9HEC5nsW4wDV7wu6WnhWan,102176,1132410,-1030234,622
2022-02-23 22:34:24-05:00,12486,G3vArDs7nb18se4xMZ68oMHmTAsYP63x8dfY57jAogwp,EY7J8Hw8jWbryw11CYdPVUSdAoDGGNEfacqghVnJn3JK,True,985533,246383,1540,770,770,HfEnetJ7uBSmZWCjBNxdvv9HEC5nsW4wDV7wu6WnhWan,61630,621566,-559936,625
2022-02-23 22:34:24-05:00,12487,7ayTm4uC5VbtMt9w6g9tFban4fYVwbqCzJZpiFMjmBiB,BvidnEZHHtXVhtgv4qFKThEaFZsFmyAuDVqZQwMppjSg,True,147209354,36802338,228191,114095,114096,HfEnetJ7uBSmZWCjBNxdvv9HEC5nsW4wDV7wu6WnhWan,9127656,120714452,-111586796,620
2022-02-23 22:34:24-05:00,12488,98pwBGgiSDuwuas6WYW2hc9qUxfULwvNE34aixaxbxXY,BLrjKxekjThtJ9rKtQxs1Y4rZ225EE2Q16VkP9TkThyV,True,266484,66621,412,206,206,HfEnetJ7uBSmZWCjBNxdvv9HEC5nsW4wDV7wu6WnhWan,16511,167937,-151426,619
2022-02-23 22:34:29-05:00,12489,Cd9Ve6KzV4wi965kEL74etsebNZBPwpJgFjgDTvmEfkn,E5EFQLWZ7dJ2BpRT7MXdKjnSb1b8WU3eXwC4zKVpshxT,True,1994930,498732,3114,1557,1557,HfEnetJ7uBSmZWCjBNxdvv9HEC5nsW4wDV7wu6WnhWan,124567,797985,-673418,624
2022-02-23 22:34:29-05:00,12490,28JujYG1mbpYSjF7LNqXpup17TXb45VJHhhnFMVXtft2,DAqyVExAtmsovPGrkpkFDxm6T7pKWLztfh9iPjTNDqrd,True,421584,105396,659,329,330,HfEnetJ7uBSmZWCjBNxdvv9HEC5nsW4wDV7wu6WnhWan,26365,266024,-239659,625
2022-02-23 22:34:30-05:00,12491,4oop1mjCh1Ao9NoWAUacAGc75GxiRTXr8KJ3NtzZ7btf,BfntjUunXBhnrKmocQ7pZr3wwxruRGudMyWQYC2MUhei,True,146411,36602,227,113,114,HfEnetJ7uBSmZWCjBNxdvv9HEC5nsW4wDV7wu6WnhWan,9098,183386,-174288,621
2022-02-23 22:34:32-05:00,12492,23FjS7S6hwPkaBsziThnqwAqy3dZvDYvNLdCKfxp7Jr4,CpGixAiKhjCWJ8tD8hWxuSUeU7mQeoZU5TVdqsAEMvLQ,True,3331238,832809,5206,2603,2603,3zqXX6kzhkbW3d4TwD2CNjMRwxTbREXySekvq37kfCNk,208247,5998909,-5790662,625
2022-02-23 22:34:36-05:00,12493,EYt1Pzqfwnd4iXSmcpw4T3Edmm1y3GnRhCjcQEEK4Atj,EHqporfvvfg7UQPsjv5tsgZE8u9yyRuEU2DdLpQeXy85,True,32124689,8031172,50261,25130,25131,3zqXX6kzhkbW3d4TwD2CNjMRwxTbREXySekvq37kfCNk,2010443,18246164,-16235721,625
2022-02-23 22:34:37-05:00,12494,EBpxGcrs4eWAbBU5rEjFxbr24MjUstZQRMV9jK4q8kMp,EYVd6pztEuz8PC7rUnJ1AjVZ81WWpynyn2qEKtveqrHG,True,62023,15505,96,48,48,HfEnetJ7uBSmZWCjBNxdvv9HEC5nsW4wDV7wu6WnhWan,3858,79000,-75142,622
2022-02-23 22:34:40-05:00,12495,53tYUt45c6PxePsJATHbxxbFWbwdCuALHZ3XN78GkeqK,7Z2E7hoXSEbks1CHEjeKhiB9wtgkdG2YQhiVXbFAqRz9,True,188818362,47204590,293443,146721,146722,HfEnetJ7uBSmZWCjBNxdvv9HEC5nsW4wDV7wu6WnhWan,11737744,61184163,-49446419,621
2022-02-23 22:34:41-05:00,12496,8cXAnowZuN2CLQ78fU88zXq1zVAMJquiVygnKnCCS5mL,J6jxYGAotuJ78zRDBmA6xqKJ3VoFuX7VAE4j4R3wfTfa,True,3866086,966521,6028,3014,3014,HfEnetJ7uBSmZWCjBNxdvv9HEC5nsW4wDV7wu6WnhWan,241120,987694,-746574,623
2022-02-23 22:34:42-05:00,12497,2utXC9PmMHh7D9x9wRdyibUHvSUquo96HHKy8F5cBeKY,GabBfvJyVgAUVuCe5sk4UHyC95AWaB4CSJiwWZUKerTd,True,8765122,2191280,13507,6753,6754,HfEnetJ7uBSmZWCjBNxdvv9HEC5nsW4wDV7wu6WnhWan,540310,3020646,-2480336,616
2022-02-23 22:34:43-05:00,12498,BJaaH1SK1pF2kZQzmYpLFfDtm52CR9a5rd39RAPtLe8q,HUsT5FVxaisdnCvG1BQxX6zffjfL2Rwx5mMo5y8SDV7e,True,86331,21581,134,67,67,3zqXX6kzhkbW3d4TwD2CNjMRwxTbREXySekvq37kfCNk,5386,66772,-61386,623
2022-02-23 22:34:44-05:00,12499,9gY3X17t7jarkWhnSEHPR51U9nVv8Dv99NqpCi3ewuPf,4Z6TdTW1d4JFRZqZyWA9X7upKhJwVPSfTQjFp14M59uv,True,15729738,3932434,24415,12207,12208,3zqXX6kzhkbW3d4TwD2CNjMRwxTbREXySekvq37kfCNk,976619,17283161,-16306542,620
2022-02-23 22:34:45-05:00,12500,As81koHnSP9quoXuUVNHp3VR3Qaks8HLa4sFgJDocYiF,AMVm8dXia5s974VgZSbeE6uPDgyXDHZFyJ2W1J1CWvKW,True,992315,248078,1545,772,773,HfEnetJ7uBSmZWCjBNxdvv9HEC5nsW4wDV7wu6WnhWan,61806,1274257,-1212451,622
2022-02-23 22:34:45-05:00,12501,22JE5fm9AfMDb7trY9333TRh4PyNmP7VjvvJM4R8XeE7,GR8Q26CoBKMSkodvKEqEEyY7eLssMc7PWDMAmBo1zfcw,True,309553,77388,479,239,240,HfEnetJ7uBSmZWCjBNxdvv9HEC5nsW4wDV7wu6WnhWan,19182,104349,-85167,619
2022-02-23 22:34:45-05:00,12502,9d7ixk9XCdumGXVP5fEQKJPDx15SS2uz5gvJA7HxaQsx,12pcw5FXob2x6LG3UmXZ2HE8zrVre91YZWfRqwm6XA5Q,True,6379,1594,9,4,5,3zqXX6kzhkbW3d4TwD2CNjMRwxTbREXySekvq37kfCNk,394,2594,-2200,617
2022-02-23 22:34:45-05:00,12503,3sGCWcgPY7TzRCkFR1uuY8KcUzVRbdTyFYxh7V1csNMX,CcRFNnG2uhyLwhNAbX4U49jkMeC11kJtVhhyqDWdDK5r,True,1008615,252153,1575,787,788,HfEnetJ7uBSmZWCjBNxdvv9HEC5nsW4wDV7wu6WnhWan,63013,1299249,-1236236,624
2022-02-23 22:34:45-05:00,12504,FdYFnEYtFQKcZPmzUqnvNLzozxdR1emtkmvnYcMgYykS,7arWNJQf2cWxerjhLgQh9CJxwTat1efnr5KmhuD7Qnv4,True,27572,6893,43,21,22,HfEnetJ7uBSmZWCjBNxdvv9HEC5nsW4wDV7wu6WnhWan,1721,36230,-34509,624
2022-02-23 22:34:46-05:00,12505,FMfGuLLeTq6brZtmED8oq6Ys4W9ga9gGH3UdpkYoW6m7,Cy1ZW5cbdA2ZXwgoAN3Rs46p9zg15F3qSNMGEGBbD1RT,True,61570818,15392704,96127,48063,48064,3zqXX6kzhkbW3d4TwD2CNjMRwxTbREXySekvq37kfCNk,3845096,18634778,-14789682,624
2022-02-23 22:34:46-05:00,12506,AwT3pH9dHjECDnuUiazbD6tZxZHdNwgJ4vBMmxLHMiLo,AjybksvjMT1QT6KvryXCG47pQGT8v9jxM34VkveGPQrs,True,228248479,57062119,356801,178400,178401,HfEnetJ7uBSmZWCjBNxdvv9HEC5nsW4wDV7wu6WnhWan,14272069,119482815,-105210746,625
2022-02-23 22:34:46-05:00,12507,E3VXmcpGHFLMaoEB76WUMUWkaHNGhwQyG88uoRhryniB,9388AsZ75Uh6KpyhPRQeJUJGw8EoGSTGfBsdWzMByKar,True,356495,89123,557,278,279,HfEnetJ7uBSmZWCjBNxdvv9HEC5nsW4wDV7wu6WnhWan,22309,154389,-132080,625
2022-02-23 22:34:46-05:00,12508,2EkjFzKuqQaT9iLsf4qHnXM6rnbj7ftEyzzRsWx6D347,9NpHNbrRJF3U8Ub4KraPHhhZpyZk9Teo836dJSktJMEV,True,313741,78435,489,244,245,HfEnetJ7uBSmZWCjBNxdvv9HEC5nsW4wDV7wu6WnhWan,19591,260034,-240443,624
2022-02-23 22:34:46-05:00,12509,5y8ZSWUnrm4B3emh7vLQKTh89vHtCvXqUhk7fJBA52is,Bu1AoKU2QQWpGH54ZzugvvACB3E1d3VvymnegNmTgHqg,True,992558,248139,1546,773,773,HfEnetJ7uBSmZWCjBNxdvv9HEC5nsW4wDV7wu6WnhWan,61877,1274086,-1212209,623
2022-02-23 22:34:46-05:00,12510,GNAF5idAQPZCjLWocauGts1j3phyrriRBdJtjEiaBM5M,CW9bc15d5wjq9cQtmVcc71rXi7irZarHMhe1CRMhXAMk,True,885231,221307,1370,685,685,HfEnetJ7uBSmZWCjBNxdvv9HEC5nsW4wDV7wu6WnhWan,54806,666576,-611770,619
2022-02-23 22:34:46-05:00,12511,2FEbsetZMkRqLjSC8GBbgecKgX5T1T1fci2sLQux29p8,H722Fcd6DkTFRZxqQWbPDufBfXEgmFfhiEpQZWhxwYv1,False,880,880,44,2,42,HfEnetJ7uBSmZWCjBNxdvv9HEC5nsW4wDV7wu6WnhWan,44,1077,-1033,500
2022-02-23 22:34:46-05:00,12512,9Digi4Kx7aL6pZ1UytgVhobDVSj5ME66zFPL41DC2byC,8NyLbYQR5mhHBuL78Xr8RhRMnfc9yjkZPbZifgB8xmxP,True,1693946,423486,2641,1320,1321,3zqXX6kzhkbW3d4TwD2CNjMRwxTbREXySekvq37kfCNk,105653,1975120,-1869467,623
2022-02-23 22:34:46-05:00,12513,9Hz4p7gcfDbXBJp8KzhaBBPh9i7xe9kun7zLfDtqPe6c,2bJ43Lep6kp6WY7Ct56oiscKnAbdtC265G5yRvRPFThU,True,129555,32388,201,100,101,3zqXX6kzhkbW3d4TwD2CNjMRwxTbREXySekvq37kfCNk,8074,117948,-109874,623
2022-02-23 22:34:46-05:00,12514,92Y3wzUXMk16wyPR2kxgkRZj1adCYbAtZBj9Mj1d22Ui,9iwMBXfKfZqjQeKDRtQz4fgCQDNMeLgPBYLLazsfymkL,True,697671105,174417776,1089940,544970,544970,HfEnetJ7uBSmZWCjBNxdvv9HEC5nsW4wDV7wu6WnhWan,43597630,314301170,-270703540,624
2022-02-23 22:34:46-05:00,12515,HukFwJRwbT4R5P1YBDg61HphUfBHLiiawpvwf7C8VYzR,ATQqXSEQcZJL1hjfbQZ2ihUuRbxG6fJppJhv7ycWEhPd,True,70767139,17691784,109334,54667,54667,3zqXX6kzhkbW3d4TwD2CNjMRwxTbREXySekvq37kfCNk,4373370,71054809,-66681439,617
2022-02-23 22:34:46-05:00,12516,FYdUiU3rPpbYKWnEpekQQsocSJKjXmscohi4v6DYqix7,daPyq9YdunQJhhLoW5ifhJ7UFPTtRZhGs4JwE1nqZhN,True,35655,8913,55,27,28,HfEnetJ7uBSmZWCjBNxdvv9HEC5nsW4wDV7wu6WnhWan,2229,46823,-44594,625
2022-02-23 22:34:48-05:00,12517,3jJxvfbyc9KvECkLWTGptkezCLZfiums7GgfANyCULF3,C7fXi4upWW22F2Ak7AzsYVASjjdfZZtPmkQ9pBB2bJXZ,True,3827577,956894,5984,2992,2992,HfEnetJ7uBSmZWCjBNxdvv9HEC5nsW4wDV7wu6WnhWan,239361,2729186,-2489825,625
2022-02-23 22:34:48-05:00,12518,A4Q7Vrc9M3GtEXNUSiVBFkansyf5sKBtSeVT92WFacqv,EWLNfsTKqzkd7KAhnrPRre4Dyk6exb3H9wSbrJuyWprg,True,902684,225671,1406,703,703,3zqXX6kzhkbW3d4TwD2CNjMRwxTbREXySekvq37kfCNk,56251,1161905,-1105654,623
2022-02-23 22:34:48-05:00,12519,2ZSfbqxhiCTDrDPeRhoWayTZHNmW7ajVXBCxpFS4eGBF,3ZmWsPdQD7qfSMGKQSNhmBtuH7S6qMFRc8oEmBcHXEiR,True,35424,8856,55,27,28,HfEnetJ7uBSmZWCjBNxdvv9HEC5nsW4wDV7wu6WnhWan,2212,46525,-44313,624
2022-02-23 22:34:50-05:00,12520,92vHa65f4WpuqzSCMESDMPxZ2yfLxXJMMPYLof75EiN,3QZvcV1wL2ZYnw9yY9sbhiCP3dYYHeUZB7gcqtSutuLK,True,22499112,5624778,35051,17525,17526,HfEnetJ7uBSmZWCjBNxdvv9HEC5nsW4wDV7wu6WnhWan,1402044,17192879,-15790835,623
2022-02-23 22:34:51-05:00,12521,CJpe9bNHxS63QMaGJhmnr4u7eTo6e5GApZQZyPtXLAkk,EMVL4sDfVXwGEoGEYwLp8D6itfy3eu4FZBAj1kMz6uXa,True,946359,236589,1472,736,736,HfEnetJ7uBSmZWCjBNxdvv9HEC5nsW4wDV7wu6WnhWan,58912,1217103,-1158191,622
2022-02-23 22:34:51-05:00,12522,Aop82qT6CwZbomif4QowqP3VaSHKB1837B2yNKqw4tER,65BVa4jrCx9etU5eXBAXT2PVnwVot2HLWGYyNXbVJDFk,True,487117,121779,758,379,379,2BPYaeCXY4BCFSGFSfiGtqmhzJ4fkhYLxGjqFvLCB6hG,30339,625562,-595223,622
2022-02-23 22:34:51-05:00,12523,Dng7By2saPu5TVxcvXidBe71ggBo8tiHkAXPi4kKL1tk,75ufEJmHbLHffphL7tvAXhGyftKLr1z2PXXoB2GGY5fG,True,1594541,398634,2492,1246,1246,2BPYaeCXY4BCFSGFSfiGtqmhzJ4fkhYLxGjqFvLCB6hG,99708,822003,-722295,625
2022-02-23 22:34:51-05:00,12524,8ARSFh2vPjz7M1pjNqFRsRrHFGwVsUNnD7kLbqhmMrZR,9TGsutLwHv259Le8zfZ75FM4eLZffi6itgWBgYqeKkAy,True,237254,59313,369,184,185,3zqXX6kzhkbW3d4TwD2CNjMRwxTbREXySekvq37kfCNk,14781,309642,-294861,623
2022-02-23 22:34:53-05:00,12525,7FB6X8YgiDn7YK9bZZmcFyzhuvVLVWPCfBbenwMXhx5,2EaDCpL9MpAKuiC2bvUCGRfvqYvgVXGFHXt35QdNakfG,True,241218,60304,375,187,188,HfEnetJ7uBSmZWCjBNxdvv9HEC5nsW4wDV7wu6WnhWan,15029,107758,-92729,623
2022-02-23 22:34:53-05:00,12526,33CE2t84MhG7SMsphhZaxvwFVRbK5wcUMUdEw8UBhoq8,DjNko7SbbK9nQT4K5oBWKiSiXiYS9Rv1k5vT3PNiMyaf,True,240513,60128,376,188,188,HfEnetJ7uBSmZWCjBNxdvv9HEC5nsW4wDV7wu6WnhWan,15053,196615,-181562,625
2022-02-23 22:34:57-05:00,12527,BLJgLzizx2yLgd12pVBAHTMqn9J5JA3JHCF8PnLnPyUk,HhDmwMysBFWhXnd3mrV31w75WBRKBS8wJSiEMZgqdUSp,True,139317,34829,217,108,109,HfEnetJ7uBSmZWCjBNxdvv9HEC5nsW4wDV7wu6WnhWan,8709,186860,-178151,625
2022-02-23 22:35:00-05:00,12528,4q5tGJYhKAyUCLkFdAajtrE9KCvZohCEFqGp5XkqAHwD,8a913NCjVRW6F4DzwaxijQ4URD4AkpCDhts2MJUBYPWs,True,269333,67333,410,205,205,HfEnetJ7uBSmZWCjBNxdvv9HEC5nsW4wDV7wu6WnhWan,16409,121754,-105345,609
2022-02-23 22:35:00-05:00,12529,BXMMFy2k9b2hVBEG6RyXAq3qqXxJ7EY2xhyPZqtLvBiU,KpoZwr4ZFTHJgebbf4tcjT9iKvpC1EF8Aw4uaVPxXNd,True,4358914,1089728,6680,3340,3340,2BPYaeCXY4BCFSGFSfiGtqmhzJ4fkhYLxGjqFvLCB6hG,267233,898319,-631086,613
2022-02-23 22:35:00-05:00,12530,DMgD2KCEhTGFLUZ5GnfNcwfiiwKYbyVpoWiN6knMkCAf,5KU2vgBkPTNVHsSULjgX7ZkZS56U3Dy3xqLTxL5sUZJ3,True,194015,48503,302,151,151,HfEnetJ7uBSmZWCjBNxdvv9HEC5nsW4wDV7wu6WnhWan,12113,308539,-296426,624
2022-02-23 22:35:00-05:00,12531,ymyzGH4Qc7HH5PbKpVphCbsQgLLXyGkPcXamQJuNj5C,8oTLHaV2XzbKXNWRuUjCfHjUn61Pw93LYK14m9q2VDpZ,True,1872,468,2,1,1,2BPYaeCXY4BCFSGFSfiGtqmhzJ4fkhYLxGjqFvLCB6hG,116,2302,-2186,619
2022-02-23 22:35:00-05:00,12532,9kYkFDNE3qD6s73fn8kJowgqbDZoDSw22XaUJ7rTD43D,E8zJz8pT2c9aZsxe4kLMNs4bY7skt38SU5wK5JTqbGr6,True,542485,135621,838,419,419,HfEnetJ7uBSmZWCjBNxdvv9HEC5nsW4wDV7wu6WnhWan,33544,714732,-681188,618
2022-02-23 22:35:00-05:00,12533,F82PLGiP5KXaPHD94YDq5FnfGeFbb6Z4gBFHypukaCi9,7ckYcHsEdKq3mfvAUc71uRUw2ugvS9yu7RNJErsdefi7,True,14781747,3695436,22555,11277,11278,2BPYaeCXY4BCFSGFSfiGtqmhzJ4fkhYLxGjqFvLCB6hG,902238,20921699,-20019461,610
2022-02-23 22:35:00-05:00,12534,FF8rqfM9PTEjYiVFy8jS81weDRwdaYooux2uSa2LexrJ,JBk1JghH1gged1YpDbkczFXP9ka5ivYSkaYoVbbXD4kg,True,25520,6380,39,19,20,2BPYaeCXY4BCFSGFSfiGtqmhzJ4fkhYLxGjqFvLCB6hG,1568,35577,-34009,614
2022-02-23 22:35:00-05:00,12535,BrHRMouGRz3LBNzd9anfdYMhWfg8yUPHL4PqJ8WdEDFS,4uzoLa3mC2VYHAPBoHLX4gTjPTC28rPf2fvEGtJWPYc,True,4487,1121,6,3,3,2BPYaeCXY4BCFSGFSfiGtqmhzJ4fkhYLxGjqFvLCB6hG,274,8626,-8352,610
2022-02-23 22:35:00-05:00,12536,gwRpwn2swQgwyJ7ijihN1aKNb1LtsvJwWpWkGc3ttEc,HT22Au8YZoja3ijYVuxEwSZdve73yrp1NKczv4vGbzrL,True,309848,77462,484,242,242,HfEnetJ7uBSmZWCjBNxdvv9HEC5nsW4wDV7wu6WnhWan,19391,104263,-84872,625
2022-02-23 22:35:00-05:00,12537,3tQBuHwr3V8AZu8Yqhg1UfmnFoxzkUq9UeGeLm41UHy4,9cESwduiHBgrxZK1hN1eAFwnyfxw3FEHezTa8Ue5Kpye,True,2844627,711156,4362,2181,2181,HfEnetJ7uBSmZWCjBNxdvv9HEC5nsW4wDV7wu6WnhWan,174508,2589799,-2415291,613
2022-02-23 22:35:00-05:00,12538,EBnMKbaJEjNXjt14hxssR8wd3Ua37McPQxUZnKxxbgtd,FAALK2LRFhg98ezHEBFrgrzxTg66eZpmo7ctKDEck8q5,True,62196,15549,96,48,48,HfEnetJ7uBSmZWCjBNxdvv9HEC5nsW4wDV7wu6WnhWan,3853,75285,-71432,619
2022-02-23 22:35:00-05:00,12539,9BMHbUs4d3qX49fnroHv2FTPDs4yoDFrvDMqf8p9U4pE,2yL7zwMr7qVG5Sdwkf7z6ppnNqt1ASppBbmxwYjfFY6Z,True,549401,137350,856,428,428,HfEnetJ7uBSmZWCjBNxdvv9HEC5nsW4wDV7wu6WnhWan,34243,723933,-689690,623
2022-02-23 22:35:00-05:00,12540,AvpYg74EBhwAXE8rcdGkpwmbBMRyVidF6zMRSFtWAVC6,4WgpqTp4r9wMpMptYMNbvCaP2faBnVr6FdShCAobetpL,True,35051,8762,53,26,27,HfEnetJ7uBSmZWCjBNxdvv9HEC5nsW4wDV7wu6WnhWan,2140,46190,-44050,610
2022-02-23 22:35:00-05:00,12541,7EvJoetxJVTgpJXqE1VC3fZN1CQ5xdWdv29yCiDuH9gU,6RTEusjGEHNDdMj75qkpzYHjHZ3R2XN5xvptCwkRJz5j,True,39618,9904,61,30,31,HfEnetJ7uBSmZWCjBNxdvv9HEC5nsW4wDV7wu6WnhWan,2452,52189,-49737,618
2022-02-23 22:35:00-05:00,12542,3NhNdphQiKwgHTmTJc4qVhp3aWjqnwMTYbRW1y9CZrZg,BNpP1sKPAr7Dk1ymSrupge9KGMVpk4LfjTjawgi9YaC5,True,207250,51812,321,160,161,HfEnetJ7uBSmZWCjBNxdvv9HEC5nsW4wDV7wu6WnhWan,12851,266602,-253751,620
2022-02-23 22:35:00-05:00,12543,9Kmy166yoeTZNt9KDchxyj3PWNQ3tJZ5a24pMqx6DxrZ,2TNQaUck5kGpwpPwh98FHnxzsLrQFSvuFBv9t6yBNUb1,True,3510405,877601,5358,2679,2679,HfEnetJ7uBSmZWCjBNxdvv9HEC5nsW4wDV7wu6WnhWan,214345,811164,-596819,610
2022-02-23 22:35:00-05:00,12544,4SX2pj4eHRwFMtyDCrMZ8ZT6ASAMi7yfZWZnccw5dGn8,Ads49ZqvTmPHxfzNYm4oJb4HBYhwS6vXQbarqmpUi5VZ,True,28808,7202,44,22,22,HfEnetJ7uBSmZWCjBNxdvv9HEC5nsW4wDV7wu6WnhWan,1780,37944,-36164,617
2022-02-23 22:35:00-05:00,12545,6h43GsVT3TjtLa5nRpsXp15GDpAY4smWCYHgcq58dSPM,CTgbWridYWnfE5Emwr7qiCEb3LcXHupqeB9zwmddoEqB,True,71971741,17992935,111375,55687,55688,3zqXX6kzhkbW3d4TwD2CNjMRwxTbREXySekvq37kfCNk,4455035,19659772,-15204737,618
2022-02-23 22:35:01-05:00,12546,U3vvMQ4X4aKzVYfhMw1V1p58HRqaLnuXozqmmefYeD9,7JA94MArkNCFRhBq8f5a32DgMF6aPdFsoC5HvXDQ6NuR,True,42720,10680,65,32,33,2BPYaeCXY4BCFSGFSfiGtqmhzJ4fkhYLxGjqFvLCB6hG,2604,62096,-59492,609
2022-02-23 22:35:01-05:00,12547,2pMGfXreJV4ZGoQtRyvhdE8TFccLhkguLb7JsjGnyr7p,7FVhyNsmwmSKF8H73YfLmx6ASLw9G13r3LXDnRqKjWKL,True,2098729,524681,3225,1612,1613,HfEnetJ7uBSmZWCjBNxdvv9HEC5nsW4wDV7wu6WnhWan,129029,2479504,-2350475,614
2022-02-23 22:35:01-05:00,12548,4nhdidD6SASYzwZ7mUnWKyP4xyWXhdBe2gp5F4qDtLrL,HLk6YPhVidsn3i8HfoASvoim1ztxb4bi8JnioiyvorpV,True,198729,49682,310,155,155,HfEnetJ7uBSmZWCjBNxdvv9HEC5nsW4wDV7wu6WnhWan,12418,254645,-242227,624
2022-02-23 22:35:01-05:00,12549,6Z6y2QLJUZ5s6zdjanJcKprTAotx8tqr9DRNqqycMeS4,JCYwt8MHVaBb14GB2qAvDWwYVMaL7VTxyNEt7Eo5Zy8x,True,28982,7245,45,22,23,3zqXX6kzhkbW3d4TwD2CNjMRwxTbREXySekvq37kfCNk,1805,38108,-36303,622
2022-02-23 22:35:03-05:00,12550,8w6CkZjw2egvAy9CykZfqz7mdRMxcSyzU4mT5WNLHs5Q,D4u8CcdVvLfDQ4xPzfVMmGzao4XdP5HWBnuh9g7Hc3Qg,True,14766821,3691705,22359,11179,11180,3zqXX6kzhkbW3d4TwD2CNjMRwxTbREXySekvq37kfCNk,894366,20928754,-20034388,605
2022-02-23 22:35:04-05:00,12551,9rgrRAMcGSarfz8xXckw1LjkemMwwjzJLApPjpfY2XZ3,BRtNdDDtCiNDYDERZTBCefUiYvjShucRX1hxEBLyeggT,True,27927,6981,43,21,22,HfEnetJ7uBSmZWCjBNxdvv9HEC5nsW4wDV7wu6WnhWan,1746,36738,-34992,625
2022-02-23 22:35:04-05:00,12552,446VESPwhh16pG3VcpgraT83MoqWy87qgU36mKZC8BsW,SmUPkPpnnRfSH3tcKUnbpK6HHNJtLfvMiUWk9eUwkNy,True,1461730,365432,2284,1142,1142,HfEnetJ7uBSmZWCjBNxdvv9HEC5nsW4wDV7wu6WnhWan,91377,1861225,-1769848,625
2022-02-23 22:35:04-05:00,12553,73PpLzJmAimmqtjGpRcYHua8t6wx3gYiiXFvQxnSDMJV,CRCpLcS8LNKX22co94spJBXEes9Fnh5rYBvbVEte4JXA,True,4152013,1038003,6454,3227,3227,3zqXX6kzhkbW3d4TwD2CNjMRwxTbREXySekvq37kfCNk,258183,4933203,-4675020,621
2022-02-23 22:35:04-05:00,12554,95urWGJ4HN1bTarbDi8Dpj4K4ms7dovs8gwaYdaSLC6e,2THhqxjhXjp2Zui9ML2MzAbGN4dsfa3dkdqzC8LYhnbQ,True,51769,12942,80,40,40,3zqXX6kzhkbW3d4TwD2CNjMRwxTbREXySekvq37kfCNk,3237,66123,-62886,625
2022-02-23 22:35:04-05:00,12555,Hqzz5RdbkkmMPCVdxF3Q3sLuh7XVJHEwAP6zpz7pCwTj,TNwXSETgrJGM9S5zbBY3mMWKbPFskbKjPAhBrWFNfuK,True,31620,7905,49,24,25,HfEnetJ7uBSmZWCjBNxdvv9HEC5nsW4wDV7wu6WnhWan,1979,41445,-39466,625
2022-02-23 22:35:04-05:00,12556,63RJUGNb2mPuiVvqCacwZ9BDvnqoPuBFbogvHNZukUSW,FyLe7q7PNK9VjdVv2xJyT4q9Wwj5BikVu3xhBirYPhVS,True,265134866,66283716,406863,203431,203432,2BPYaeCXY4BCFSGFSfiGtqmhzJ4fkhYLxGjqFvLCB6hG,16274555,79012567,-62738012,613
2022-02-23 22:35:04-05:00,12557,DwoQXrbwHmfnkWvYaHbPjir3WLmq3oSpSrAjnPdDqgtL,Hv6r5uYpyyn8B4PTzrki6mj5hdF64yaa564Zi277tANU,True,526163791,131540947,794109,397054,397055,2BPYaeCXY4BCFSGFSfiGtqmhzJ4fkhYLxGjqFvLCB6hG,31764391,241442206,-209677815,603
2022-02-23 22:35:07-05:00,12558,BMawc4jLJMER4ryGcwdm27H3MU8JQCiSfwb9onVfYDpr,5ciaGDuaB3rBKvV7MphT2eMkCUxBzWZc7zYXQM7vbQ46,True,207926,51981,325,162,163,HfEnetJ7uBSmZWCjBNxdvv9HEC5nsW4wDV7wu6WnhWan,13001,266073,-253072,625
2022-02-23 22:35:07-05:00,12559,HGJoZvLakWfSDFwuvShNBc4kCf7nP7VqzyM3mELpbFEf,12Qn5jin7QvsBngXqYAv4UstyG3b6nRf1jsLp9Dp8G7k,True,2206,551,3,1,2,HfEnetJ7uBSmZWCjBNxdvv9HEC5nsW4wDV7wu6WnhWan,138,2966,-2828,625
2022-02-23 22:35:08-05:00,12560,43wwd6zLB8yKfXEu7rtbeDFhKBuxFR66MnyhTKW3zqa3,A9t6AMvVNenwWymz3QMtdUuuGYjjTPLaA9bhRjTzNY9h,True,551148,137787,860,430,430,3zqXX6kzhkbW3d4TwD2CNjMRwxTbREXySekvq37kfCNk,34423,724743,-690320,624
2022-02-23 22:35:14-05:00,12561,FMdKLXhQEnNJtvM17ZX8jhaeMaSD9UgDuN3Kw7kMrd7K,5pURHYWB5LUGwJmWVBGH8p6oyR9NJvXnZk7uDVoiassv,True,999243064,249810764,1563650,781825,781825,2BPYaeCXY4BCFSGFSfiGtqmhzJ4fkhYLxGjqFvLCB6hG,62546027,307536314,-244990287,625
2022-02-23 22:35:14-05:00,12562,E8iuHK2DErFnMAYfWmNoix4jVb4WDG8Sc41hBycLUxbd,77Zoru23JmnK5EJ8eURonQoEpJcLP4edabjD8MR8NKdX,True,548444,137111,857,428,429,2BPYaeCXY4BCFSGFSfiGtqmhzJ4fkhYLxGjqFvLCB6hG,34314,721779,-687465,625
2022-02-23 22:35:18-05:00,12563,43EtYHdVkdBxHTtFR3QWVgvCKj1SqsAf7xLY2yphsv1x,8WJbP4mVJWYuN1dVzHpRg7YR2nBELB4Krkq8Zch8sp4g,True,43252,10813,67,33,34,HfEnetJ7uBSmZWCjBNxdvv9HEC5nsW4wDV7wu6WnhWan,2704,53275,-50571,625
2022-02-23 22:35:19-05:00,12564,HdRgh9niYSd3YKCxzGdusYFquiVoFTP2mEGEzJJL5Nii,78C68Gbb1jYFQmYNCHHjL52keEKMXtGukmBwT7ahon4B,True,13394872,3348717,20940,10470,10470,HfEnetJ7uBSmZWCjBNxdvv9HEC5nsW4wDV7wu6WnhWan,837633,13018383,-12180750,625
2022-02-23 22:35:20-05:00,12565,EPWsutEpgpcz776maq552k8QhDKdmkSfAED5E3jgpTdY,CCwGZYDvqoHEBBtSSieAJgy5e3k4jYrpjyDffypwnWxu,True,1469798,367449,2284,1142,1142,HfEnetJ7uBSmZWCjBNxdvv9HEC5nsW4wDV7wu6WnhWan,91361,1872791,-1781430,621
2022-02-23 22:35:20-05:00,12566,BTds7W9qPzLihhoWt6vX5paepTtZBeDvSbeqbvDRuUMP,6dZH72G6AerkQybAFyaPqYdYeHofkSnZbciBGsqF74hk,True,257933,64483,403,201,202,HfEnetJ7uBSmZWCjBNxdvv9HEC5nsW4wDV7wu6WnhWan,16137,65922,-49785,625
2022-02-23 22:35:20-05:00,12567,9wsQcvpqPp8c9q42RntWDNbqNCnmJeW4GMG2AtKAHkBu,EMqRbzGvXTU1LtmoSw9uSrpTX2L4tpJQAMJJJ4duvzf5,True,5017583,1254395,7822,3911,3911,HfEnetJ7uBSmZWCjBNxdvv9HEC5nsW4wDV7wu6WnhWan,312910,3882051,-3569141,623
2022-02-23 22:35:20-05:00,12568,Fw2e6jxKVeFcJSe9MyVhSz3dUdJQLs3XULHrT1mtMU9U,591U5bexgLRJXygtK5fpCRXcZEq89KgewFTdfPkti8bY,True,4183416,1045854,6524,3262,3262,HfEnetJ7uBSmZWCjBNxdvv9HEC5nsW4wDV7wu6WnhWan,260998,4975776,-4714778,623
2022-02-23 22:35:20-05:00,12569,Bt37YbHvD2M8zcGmanksKy8MCi4Qzto7hEnGRJyNvWyg,4WGRnDhpoY4zJi74iJyALasETpJNJMCJtf9aWJUVrHQv,True,45124532,11281133,70419,35209,35210,HfEnetJ7uBSmZWCjBNxdvv9HEC5nsW4wDV7wu6WnhWan,2816788,34859507,-32042719,624
2022-02-23 22:35:20-05:00,12570,5iRLEmB6qBHqkJBPyyubnd9f1TpRr4EY8BTxuHUREeLB,GkY73KL6HJ4ycdggFtYWALBgmTRZVCx66P2ZJ7E8ENwC,True,30179,7544,47,23,24,HfEnetJ7uBSmZWCjBNxdvv9HEC5nsW4wDV7wu6WnhWan,1880,39714,-37834,622
2022-02-23 22:35:20-05:00,12571,5zCfNUARbvDrkdkf8rKNnf6D7HXn7Wz6D61jQGTGpw3N,6T76MLTxS5vnRuodEgADt3iXMx8WUFLQzoyKh7f2uPFy,True,64005919,16001479,100115,50057,50058,3zqXX6kzhkbW3d4TwD2CNjMRwxTbREXySekvq37kfCNk,4004639,49747799,-45743160,625
2022-02-23 22:35:20-05:00,12572,4yhW5mBsFVNgQ5QQc2Yg65guctPsTSXcERbzmYM6rdnL,5uJnMZ6DWA9bMSvHvS5zomwtt1sv7YCWq3GDJh77YC3q,True,34774,8693,54,27,27,HfEnetJ7uBSmZWCjBNxdvv9HEC5nsW4wDV7wu6WnhWan,2171,45871,-43700,624
2022-02-23 22:35:20-05:00,12573,28YQqynu5oRud5xEcsDvAaGhJhgpiVJSTNeMwkrbpbyv,9zYqRWiRatbohCdBfV3PrAxp8v1kwgbvV9ta4RJRRp68,True,1440239,360059,2244,1122,1122,HfEnetJ7uBSmZWCjBNxdvv9HEC5nsW4wDV7wu6WnhWan,89763,1835001,-1745238,623
2022-02-23 22:35:20-05:00,12574,C1tcxAjMzZaFVcF2ke2nSyiCjcLBwsz5yKXShy5MB14h,GYkrJj2zHVZuzPC45MbuevYkRJHdeL4Sqj9SWqZfUdiE,True,1849389,462347,2880,1440,1440,HfEnetJ7uBSmZWCjBNxdvv9HEC5nsW4wDV7wu6WnhWan,115215,2348076,-2232861,622
2022-02-23 22:35:21-05:00,12575,5FgPU7KpsDnx4Xc1UdQoLPR7MDd5cBkJXW2Q8ctopMZR,9GWzAZFVfTY8WjTYvDAE2YcAjgeKiDXgToK76KBZF7Rv,True,46738,11684,72,36,36,3zqXX6kzhkbW3d4TwD2CNjMRwxTbREXySekvq37kfCNk,2919,59638,-56719,624
2022-02-23 22:35:21-05:00,12576,GcjcaWoMUcGkLaJBx3svxtzwGNn5SLcFrwaLqnpadUZY,Ep9sDjTMMasVjKdshsE88uk3mWYkKuMTVRooVJWvCq9F,True,537493,134373,837,418,419,3zqXX6kzhkbW3d4TwD2CNjMRwxTbREXySekvq37kfCNk,33516,707106,-673590,623
2022-02-23 22:35:23-05:00,12577,DD1a8rMoUCwmEiLKRN43VpdqL8Qgfr5yi92ejQxDVRMo,3vMJVNAuyRhM9jkaEZARhwbR6MerR5UmcgoZ9c5bs1VS,True,646829,161707,1009,504,505,HfEnetJ7uBSmZWCjBNxdvv9HEC5nsW4wDV7wu6WnhWan,40380,851297,-810917,624
2022-02-23 22:35:23-05:00,12578,CEtpqFD4BbeiNfaXyLLYEapY2mWgE26H5q6H34tWwRuD,BVqRyqwGFPzSkk1H2finiyfaL3LScbEiQGk3mihirxqs,True,26040,6510,40,20,20,3zqXX6kzhkbW3d4TwD2CNjMRwxTbREXySekvq37kfCNk,1630,33776,-32146,625
2022-02-23 22:35:25-05:00,12579,4eaXYcx5ayhTq9TmmQFgLDjy6p3z93txUN97v8PTSh1J,J3vgUnjDUy5ngrmrs6FwpZTexxJNxXM1UjsHvsgw9g9y,True,35358,8839,55,27,28,HfEnetJ7uBSmZWCjBNxdvv9HEC5nsW4wDV7wu6WnhWan,2205,46490,-44285,623
2022-02-23 22:35:25-05:00,12580,HZSJVNb6g4o52N7pAJCLkGjur8evF5Ex1sAx7uUxUDdm,8LQHKhXStrwcd6f4AxaTVcrGdYpGjQz8vWf5JXsAzcsp,True,40648,10162,63,31,32,HfEnetJ7uBSmZWCjBNxdvv9HEC5nsW4wDV7wu6WnhWan,2542,53556,-51014,625
2022-02-23 22:35:37-05:00,12581,8xjstKJD2RopRxxRP8JbMYRmpBKgSZivMFRXXRZ5syPh,HUfevkvBsm5SDpxnZ4NBD8Re7LvqBQLrx5UWXCeYTBgK,True,52359,13089,81,40,41,HfEnetJ7uBSmZWCjBNxdvv9HEC5nsW4wDV7wu6WnhWan,3274,66894,-63620,625
2022-02-23 22:35:37-05:00,12582,9T6bCVf7AshQP1NNbsF3eCdbChKbcfrFUPFWUXRijY5M,4ZFq3kdwaUhiotXCXzDFjVCAP3udzGsx5CicgLLXd4PR,True,19847114,4961778,31037,15518,15519,3zqXX6kzhkbW3d4TwD2CNjMRwxTbREXySekvq37kfCNk,1241492,15347754,-14106262,625
2022-02-23 22:35:40-05:00,12583,HpRYrL8HzCPaBJTLFgZmYg2aXBnBQUpf1mikVkzkY56z,8DzHRd8qWcEjnX6cefwYtgRGpQJUaw9QPjyfAsN7j33r,True,360615,90153,563,281,282,2BPYaeCXY4BCFSGFSfiGtqmhzJ4fkhYLxGjqFvLCB6hG,22544,463663,-441119,625
2022-02-23 22:35:42-05:00,12584,EmXaq1sxmAZUiwYW6LXpKtKFZXu5MzQ3sK4MEAojDK1h,HuAsa5G2wJi8Ah9stxEmggwcB5zW1QjBsP3Ndgke7r8X,True,47326,11831,73,36,37,2BPYaeCXY4BCFSGFSfiGtqmhzJ4fkhYLxGjqFvLCB6hG,2958,62148,-59190,625
2022-02-23 22:35:44-05:00,12585,AQr9mVmcXCNQhBVCfx63MwR6c4WqDSC9K2BZqr7N8LCx,CB7TWUaL381ounsLw6neAUaKRxJL9P1HC9uGX5e1Uxod,True,24783108,6195777,38747,19373,19374,3zqXX6kzhkbW3d4TwD2CNjMRwxTbREXySekvq37kfCNk,1549880,10727072,-9177192,625
2022-02-23 22:35:50-05:00,12586,8GdYhwX26GRmVfGFCbJ3MJrH1UdneN2FNRUexhLsqprN,DpUTHSVucDPyCWoLCdpm8EFRZFiKL88tmnSiWG2TRpS8,True,31698,7924,49,24,25,2BPYaeCXY4BCFSGFSfiGtqmhzJ4fkhYLxGjqFvLCB6hG,1982,41554,-39572,625
2022-02-23 22:35:50-05:00,12587,s3MwEMLs777XFqetPJT55cw8NYXg8uHqr6Bnxdvq3bE,GN2D9JsJ8oXhSHXTvvWnoXDfv8JLVYx3ZGNwjAV2Dd3j,True,2329511,582377,3637,1818,1819,HfEnetJ7uBSmZWCjBNxdvv9HEC5nsW4wDV7wu6WnhWan,145496,634113,-488617,624
2022-02-23 22:35:50-05:00,12588,FRvMjD6zc3KXqdj5VhPBUaW7qHYktbc9WzPYPAiwtZrx,91LzVLfMLiLGjs7MJjz1JgUr2L65Mf4GP7yVkGinnCxq,True,90578700,22644675,141031,70515,70516,HfEnetJ7uBSmZWCjBNxdvv9HEC5nsW4wDV7wu6WnhWan,5641258,24739167,-19097909,622
2022-02-23 22:35:51-05:00,12589,EbScW49FqTmK83BKPFVZWdrJ4XAfoATRT7bbZQZC1anL,3tfG6ocjfFsr7u53NRhcnhNvRqRbmyEa5t37rMhtLyY1,True,979355613,244838903,1531942,765971,765971,3zqXX6kzhkbW3d4TwD2CNjMRwxTbREXySekvq37kfCNk,61277710,485703972,-424426262,625
2022-02-23 22:35:51-05:00,12590,Gfe4UgUGqvzcehSbETrWwLRAcqzFnkTrs6vJx8h6kTxi,7exMQ8sLti4Pmb2ZQtZhyuWRuQ6pq7XSXL9sCcWTqCvF,True,2872284,718071,4480,2240,2240,HfEnetJ7uBSmZWCjBNxdvv9HEC5nsW4wDV7wu6WnhWan,179221,3717616,-3538395,623
2022-02-23 22:36:11-05:00,12591,AECUZGm5DjFvbLZEUYhepSPg1Wa7hBjxF9e7ZRBzRPhm,Ar7e1iLKAqa54QiQnXifvnETixDZT1T8KL5YWJA8Ykv1,True,42901,10725,67,33,34,3zqXX6kzhkbW3d4TwD2CNjMRwxTbREXySekvq37kfCNk,2685,56275,-53590,625
2022-02-23 22:36:11-05:00,12592,8YMEydGnQH9W5AEXFGquFkb1bcf3PcxiMvYBSMPXKJyQ,3CmWH8eYtkmHNisqMmMBLff6C6z6ZcSj38KoQ34DPUE7,True,27724,6931,43,21,22,3zqXX6kzhkbW3d4TwD2CNjMRwxTbREXySekvq37kfCNk,1732,34195,-32463,624
2022-02-23 22:37:05-05:00,12593,6kt64nJRnYaWMi9GbpZaUuhbToAVRd7FUMTGASAAJrve,2Sdxv9ZtogNcVbJwBPxKmVjwAiKyX5GHEfnRmFcydQ1G,True,4108228,1027057,6364,3182,3182,HfEnetJ7uBSmZWCjBNxdvv9HEC5nsW4wDV7wu6WnhWan,254563,4898234,-4643671,619
2022-02-23 22:37:05-05:00,12594,7afnF1MkAootZGWc7zsMVLpBuve83hGmvAHkfmwgsq5A,HKdJE8bReznq1Qxqd5iZ4nWQGCk62Vo5TpkRD51bpbGp,True,36342,9085,56,28,28,HfEnetJ7uBSmZWCjBNxdvv9HEC5nsW4wDV7wu6WnhWan,2258,47783,-45525,621
2022-02-23 22:37:05-05:00,12595,CygwJ5Z1ZP6xfjN1ZGH7yw8b2oYvf6JTpenXx7A5yFdt,59VKgJtBCTb3Pji7BWtqttisBYVVCnWtyEn5Eba5r52Y,True,614975,153743,951,475,476,HfEnetJ7uBSmZWCjBNxdvv9HEC5nsW4wDV7wu6WnhWan,38057,759301,-721244,618
2022-02-23 22:37:05-05:00,12596,8GhXRNmsEgFgKPhGNNgEPUywVzW3bE7uZRWys2P1yNeJ,Bvi5vD5fhRFNdVhEXsSv9vkJzyQzgEswFHBxowkUEgF,True,305259,76314,473,236,237,HfEnetJ7uBSmZWCjBNxdvv9HEC5nsW4wDV7wu6WnhWan,18937,397826,-378889,620
2022-02-23 22:37:05-05:00,12597,4cNmhgaMic1xBiaDJ6phrQuXmm8WfF1qjyYMqZcKG4c9,43vgfXiLTtcs1bkrcDar2iz9M6RMbGqbA6BMkBHdh7T4,True,33174,8293,51,25,26,HfEnetJ7uBSmZWCjBNxdvv9HEC5nsW4wDV7wu6WnhWan,2054,43908,-41854,619
2022-02-23 22:37:05-05:00,12598,FSjUzAuFJJDeBerdVPJbWjTyD47GpJRat2h1eCUD1HPH,GT4MarSodCNayJqgVEYMkJQjRvCYYb7S8WJoSaLC144U,True,34411524,8602881,53591,26795,26796,3zqXX6kzhkbW3d4TwD2CNjMRwxTbREXySekvq37kfCNk,2143652,12108340,-9964688,622
2022-02-23 22:37:07-05:00,12599,2AAWghW6BUAFBtF3R6hB9uoqMc5oUDkU8FTd2JrXKema,798cfEUZ2YhXwNTNjXMS4Z2J8gAHaK4zZwpMkq2HzWWM,True,190088793,47522198,296141,148070,148071,3zqXX6kzhkbW3d4TwD2CNjMRwxTbREXySekvq37kfCNk,11845673,175450949,-163605276,623
2022-02-23 22:37:07-05:00,12600,73Wkg27usHy8knWENTmb9zbikugYh93JvBB2bF855vZ2,J9WaUA7r8ct4ZG8o8ATZjvHUPuCYqY42aTsr9xveW5BX,True,37048018,9262004,57676,28838,28838,3zqXX6kzhkbW3d4TwD2CNjMRwxTbREXySekvq37kfCNk,2307072,59116970,-56809898,622
2022-02-23 22:37:08-05:00,12601,9QZvB1Gqhk5PKt3MoJMjZL3FaU2bTbTDcVw3nF316zh7,DGJWGr9RCWkzdWn21mWG7NyUN8uuvSQbA53HojFJe1rH,True,455817,113954,713,356,357,HfEnetJ7uBSmZWCjBNxdvv9HEC5nsW4wDV7wu6WnhWan,28522,578548,-550026,625
2022-02-23 22:37:08-05:00,12602,AzLdwyd8Q4V3iMaSwWgvWwQ9nCs7X7YV2YKpd6CH33nP,BYjeXF5YkcJy3mNMbvfHzXTtyjkc4U53hM5tvfERUH8y,True,35182,8795,55,27,28,2BPYaeCXY4BCFSGFSfiGtqmhzJ4fkhYLxGjqFvLCB6hG,2200,46187,-43987,625
2022-02-23 22:37:08-05:00,12603,6Y7FZTyXEwKHvoYQGDnuZShg8YFgZUetGt4eoBpPPp7E,2dkDLHmDZKUA96PPUvkz6s4g1cMeJfaF5t68VexgooFo,True,597912,149478,928,464,464,HfEnetJ7uBSmZWCjBNxdvv9HEC5nsW4wDV7wu6WnhWan,37154,156633,-119479,621
2022-02-23 22:37:08-05:00,12604,45AiuRBbmupfwYXqsWwKHtmEWN8XNJDUSHwHL3b6PvHc,CfvwVkxYPP3jqK2dpAvSRFA1513E9ti84mEpYgtkzFUt,True,60173,15043,93,46,47,2BPYaeCXY4BCFSGFSfiGtqmhzJ4fkhYLxGjqFvLCB6hG,3748,76705,-72957,622
2022-02-23 22:37:08-05:00,12605,68F35fonSGS1P6LMYmAmeoM8kC6Z78NabMqYLeCZr9GJ,8apmWSZdS8s1ScoNVj4AvSJsbQCj1drU3HL74khuANT2,True,37639,9409,58,29,29,2BPYaeCXY4BCFSGFSfiGtqmhzJ4fkhYLxGjqFvLCB6hG,2346,49446,-47100,623
2022-02-23 22:37:08-05:00,12606,2DHhfXSzcuSwsKfAYLMuWuD17w84mCwNer9fcBNLTpSc,89BVfDycKjdSkQzFVqCXd5c16DntdND7WsqoZtCafYFH,True,1693452,423363,2632,1316,1316,2BPYaeCXY4BCFSGFSfiGtqmhzJ4fkhYLxGjqFvLCB6hG,105296,2169987,-2064691,621
2022-02-23 22:37:08-05:00,12607,3R2wxFQwjCqUwwxJmp9tNrT6osYFpB5gczq2QYik6QYm,7At5Ej3ZsynfWr56FYrd4P4Y6UtD8FHA4gCFB8TaAyaG,True,35404,8851,55,27,28,2BPYaeCXY4BCFSGFSfiGtqmhzJ4fkhYLxGjqFvLCB6hG,2206,46564,-44358,623
2022-02-23 22:37:08-05:00,12608,HxhVxMpFpKzeuC6Z6CpsuUhPHdHUzvpMNYJ8LpQ3NYCp,8KyiipC39iU15zVErVvj6hdhbv89STsexrB8dVw3RcLs,True,37078,9269,57,28,29,HfEnetJ7uBSmZWCjBNxdvv9HEC5nsW4wDV7wu6WnhWan,2308,48823,-46515,622
2022-02-23 22:37:08-05:00,12609,69byqtDPmgEY1NqKBCR95CEPVHRUxgbNW9Y4P4HjQ7ND,E47T4q4zMGzNL6vDxgWdLn3EQbW3WfVryr8Jsymy1hAL,True,58444,14611,91,45,46,HfEnetJ7uBSmZWCjBNxdvv9HEC5nsW4wDV7wu6WnhWan,3650,70622,-66972,624
2022-02-23 22:37:09-05:00,12610,HZJyrD4eqM4nKnyRh2JAs1sC2TaJxFhNPixBdK7PLMuS,Hycz71z4tEsKUogJnefT2GN3MPCLdTJdv9B6T82Ngw2u,True,152327,38081,237,118,119,2BPYaeCXY4BCFSGFSfiGtqmhzJ4fkhYLxGjqFvLCB6hG,9507,201661,-192154,624
2022-02-23 22:37:11-05:00,12611,9WRDBHzD4aNHw5qvrhc6nqXCBLA5D7YYP8TvSrLksXd6,GwxWNmv9XDkqQsx7DfCMccFjVik8asPnFU9gtnb4UVx,True,27387,6846,42,21,21,HfEnetJ7uBSmZWCjBNxdvv9HEC5nsW4wDV7wu6WnhWan,1712,36024,-34312,625
2022-02-23 22:37:28-05:00,12612,EAUFD16wab8qRMJ4H6updHGt4xFqgRCDeRHVCsLCTSTL,8vkfYSyCyBY9g4TZrp52jUcQj6udy9xAaA4fioRE2RXx,True,21209179,5302294,33149,16574,16575,HfEnetJ7uBSmZWCjBNxdvv9HEC5nsW4wDV7wu6WnhWan,1325991,17056136,-15730145,625
2022-02-23 22:37:28-05:00,12613,8VQ21PFXdHBNmiZiF18LyGvsRSpr13vkyktfembNCe3m,5exbVC7vaGFeHEGAx7epYfMaU932QafqzfhFm5FKAq2H,True,32013,8003,49,24,25,HfEnetJ7uBSmZWCjBNxdvv9HEC5nsW4wDV7wu6WnhWan,1999,42029,-40030,624
2022-02-23 22:37:29-05:00,12614,6X5por58mMECmNZQEWpo8M8aA1eHJqr5LNeV9vC7GW5e,DPB2C5UB2Ls1kNzbs1GP33junQvhUyFJWP75RoYjqByn,True,1886426,471606,2947,1473,1474,HfEnetJ7uBSmZWCjBNxdvv9HEC5nsW4wDV7wu6WnhWan,117902,3783614,-3665712,625
2022-02-23 22:37:30-05:00,12615,7Dm3syN4P2mbBLFKyHTrtnSWY4hadGXiKB9EekTdT68S,HF97QS1dqarPMWgNmtcoaq6z3rpJnzAAAfc1PP4FwRhV,True,31473,7868,49,24,25,3zqXX6kzhkbW3d4TwD2CNjMRwxTbREXySekvq37kfCNk,1969,14049,-12080,625
2022-02-23 22:37:31-05:00,12616,G8nRLTWTT5aD7q7TcSa2mw7p12GUuHDVq5ev4vyXbdKi,3DmQyungZMK4T1a1PgXh5shBskwP69tTLmZPh7HZ76vh,True,51718,12929,80,40,40,HfEnetJ7uBSmZWCjBNxdvv9HEC5nsW4wDV7wu6WnhWan,3232,67909,-64677,624
2022-02-23 22:37:52-05:00,12617,6TvTxJWSPeyaTVm8PmarVDzxhbTqnkyoabQTgihXyGMj,62ngTMHaRDFjpvzasDgfmgyJ5T6jS9PmYgy97HCkyQS4,True,1000367,250091,1565,782,783,HfEnetJ7uBSmZWCjBNxdvv9HEC5nsW4wDV7wu6WnhWan,62619,357718,-295099,625
2022-02-21 06:41:24-05:00,11594,Dng7By2saPu5TVxcvXidBe71ggBo8tiHkAXPi4kKL1tk,75ufEJmHbLHffphL7tvAXhGyftKLr1z2PXXoB2GGY5fG,True,5431833,1357958,8498,4249,4249,DddJ7EWCmYEEZETCBNgAUSg81Ls6fZtiAaY5ekJ5sXx1,339944,2230432,-1890488,625
2022-02-21 06:43:32-05:00,11595,H1oYXGZTagwv48FdDe6RNkjNaesedqLKyXxTmPc5k4Fp,Am3rx6XrkrZ4MdeZDyZUv1YW2fBujcz4dLjVCnRQHKZa,True,55185210,13796302,85879,42939,42940,HfEnetJ7uBSmZWCjBNxdvv9HEC5nsW4wDV7wu6WnhWan,3435199,12510462,-9075263,622
2022-02-21 06:43:33-05:00,11596,9AJH82vT5qffJDaufA827gZ3Za7bJcUoL6kLXCV2QfMX,78AU7GRaKkx98LcwijwUiZeYHPuEcKGpY8HWqDLgA6pX,True,478608738,119652184,746880,373440,373440,HfEnetJ7uBSmZWCjBNxdvv9HEC5nsW4wDV7wu6WnhWan,29875202,114882364,-85007162,624
2022-02-21 07:13:37-05:00,11597,CiomzdJ9g2bCskudk28cEU4aTgF6jYaerkiazbB7E3DA,9rxtTBmKoxPzhR4xoRH65Kmi7f3pEp1RanoeQq9V9RU5,True,188406132,47101533,294378,147189,147189,3zqXX6kzhkbW3d4TwD2CNjMRwxTbREXySekvq37kfCNk,11775156,58692001,-46916845,624
2022-02-21 07:17:04-05:00,11598,9Wzu7BWPgx9JRwuituo7vxNXVkpRA7C5W62CATnPpy6Q,GYPiAfGtfkMjDKdi6MrM7VXzpSwPnp2qWwwCX4iFGVtq,True,221426772,55356693,346420,173210,173210,3zqXX6kzhkbW3d4TwD2CNjMRwxTbREXySekvq37kfCNk,13856834,143151281,-129294447,625
2022-02-21 07:17:28-05:00,11599,BCGTaPQxGEMjD7xUxwfwmVVYJ9CEGH33yJRi3QjwyiLE,JBct1cZ9a959UKwABBEefwxZnGTAAGLzyUdXrXqGGCZd,True,1343619,335904,2098,1049,1049,HfEnetJ7uBSmZWCjBNxdvv9HEC5nsW4wDV7wu6WnhWan,83934,617677,-533743,624
2022-02-21 07:17:40-05:00,11600,2rLWe1XADCU93guPU6WgSW6x56gYNfif9bm11V93mJnv,BEGhQRm3fgSHeBtk2DYrXEBPKPRvS3sHyTNopmoBJxMs,True,361683118,90420779,558395,279197,279198,3zqXX6kzhkbW3d4TwD2CNjMRwxTbREXySekvq37kfCNk,22335812,257572130,-235236318,617
2022-02-21 07:17:41-05:00,11601,FtF3PVw8YNJseWPMcA2GEuQZ6nni1mq5kYPa2LrSzfkW,4yr1TM2dXrBvLNMpSaoryuGU2P8D3WG1ZCkvVzWFiQRH,True,9024514780,2256128693,14007098,7003549,7003549,3zqXX6kzhkbW3d4TwD2CNjMRwxTbREXySekvq37kfCNk,560283949,2693623479,-2133339530,620
2022-02-21 07:46:25-05:00,11602,CYcgATWjZUXrqxJyVTEMkDBv1eyUjb1TZi2raTd1ujvU,7jefj3noz9JDDnJ74YZL946EPJtywSnPsi7ZpgU4Wj1G,True,53181168,13295292,83196,41598,41598,3zqXX6kzhkbW3d4TwD2CNjMRwxTbREXySekvq37kfCNk,3327860,20144288,-16816428,625
2022-02-21 08:09:08-05:00,11603,BJaaH1SK1pF2kZQzmYpLFfDtm52CR9a5rd39RAPtLe8q,HUsT5FVxaisdnCvG1BQxX6zffjfL2Rwx5mMo5y8SDV7e,True,217034,54258,339,169,170,DddJ7EWCmYEEZETCBNgAUSg81Ls6fZtiAaY5ekJ5sXx1,13580,146670,-133090,625
2022-02-21 08:09:35-05:00,11604,5BJnMHFSiQjHRGFJDW1jnqCfkHHYWnQzmmccy9eA4jNj,9517JGYsPmvgPUM9pFRD2vipHmdgE578F7jA7Qq6jorm,True,3155871,788967,4893,2446,2447,DddJ7EWCmYEEZETCBNgAUSg81Ls6fZtiAaY5ekJ5sXx1,195733,1828651,-1632918,620
2022-02-21 08:09:44-05:00,11605,AQr9mVmcXCNQhBVCfx63MwR6c4WqDSC9K2BZqr7N8LCx,CB7TWUaL381ounsLw6neAUaKRxJL9P1HC9uGX5e1Uxod,True,84668854,21167213,132343,66171,66172,3zqXX6kzhkbW3d4TwD2CNjMRwxTbREXySekvq37kfCNk,5293755,27955993,-22662238,625
2022-02-21 08:10:15-05:00,11606,HEFpdWLZaiQnjftmXgxs6RNzhH72YiMjortxPkKekkvb,5Q8mmxBgVTijNGrWsnoA3VMArLHZEX5MkaigYXHpgXHE,True,2149768,537441,3351,1675,1676,HfEnetJ7uBSmZWCjBNxdvv9HEC5nsW4wDV7wu6WnhWan,134043,1079370,-945327,623
2022-02-21 08:10:16-05:00,11607,CiomzdJ9g2bCskudk28cEU4aTgF6jYaerkiazbB7E3DA,9rxtTBmKoxPzhR4xoRH65Kmi7f3pEp1RanoeQq9V9RU5,True,138508758,34627189,216749,108374,108375,3zqXX6kzhkbW3d4TwD2CNjMRwxTbREXySekvq37kfCNk,8669979,46654174,-37984195,625
2022-02-21 08:11:34-05:00,11608,Dng7By2saPu5TVxcvXidBe71ggBo8tiHkAXPi4kKL1tk,75ufEJmHbLHffphL7tvAXhGyftKLr1z2PXXoB2GGY5fG,True,3992966,998241,6236,3118,3118,HfEnetJ7uBSmZWCjBNxdvv9HEC5nsW4wDV7wu6WnhWan,249457,1748234,-1498777,624
2022-02-21 08:11:38-05:00,11609,agiVhhsNiMPzMaNWTHKRZ435HtBjqQvRuReKkpG32pn,HgcU2oCotYPxvGY6M21SbdqhzXJmNPDWEiTCDu4rA5dB,True,637040343,159260085,995662,497831,497831,DddJ7EWCmYEEZETCBNgAUSg81Ls6fZtiAaY5ekJ5sXx1,39826495,152714170,-112887675,625
2022-02-21 16:52:00-05:00,11610,ANXYsUNpZ34dBt7cp6HEE7oi2pTKsbj7B5TeFHKPbHBU,2pqeP4fuMREosHcfWUecEBssp1GM4isihNjn7ALUD51d,True,147154,36788,227,113,114,3zqXX6kzhkbW3d4TwD2CNjMRwxTbREXySekvq37kfCNk,9111,168210,-159099,619
2022-02-21 16:52:00-05:00,11611,68F35fonSGS1P6LMYmAmeoM8kC6Z78NabMqYLeCZr9GJ,8apmWSZdS8s1ScoNVj4AvSJsbQCj1drU3HL74khuANT2,True,128575,32143,196,98,98,2BPYaeCXY4BCFSGFSfiGtqmhzJ4fkhYLxGjqFvLCB6hG,7845,147073,-139228,610
2022-02-21 16:52:00-05:00,11612,69byqtDPmgEY1NqKBCR95CEPVHRUxgbNW9Y4P4HjQ7ND,E47T4q4zMGzNL6vDxgWdLn3EQbW3WfVryr8Jsymy1hAL,True,199648,49912,305,152,153,HfEnetJ7uBSmZWCjBNxdvv9HEC5nsW4wDV7wu6WnhWan,12221,208942,-196721,612
2022-02-21 16:52:00-05:00,11613,AzLdwyd8Q4V3iMaSwWgvWwQ9nCs7X7YV2YKpd6CH33nP,BYjeXF5YkcJy3mNMbvfHzXTtyjkc4U53hM5tvfERUH8y,True,120180,30045,183,91,92,3zqXX6kzhkbW3d4TwD2CNjMRwxTbREXySekvq37kfCNk,7353,137376,-130023,611
2022-02-21 16:52:00-05:00,11614,6X5por58mMECmNZQEWpo8M8aA1eHJqr5LNeV9vC7GW5e,DPB2C5UB2Ls1kNzbs1GP33junQvhUyFJWP75RoYjqByn,True,6445608,1611402,9894,4947,4947,DddJ7EWCmYEEZETCBNgAUSg81Ls6fZtiAaY5ekJ5sXx1,395761,11497637,-11101876,614
2022-02-21 16:52:00-05:00,11615,6TvTxJWSPeyaTVm8PmarVDzxhbTqnkyoabQTgihXyGMj,62ngTMHaRDFjpvzasDgfmgyJ5T6jS9PmYgy97HCkyQS4,True,3418115,854528,5235,2617,2618,DddJ7EWCmYEEZETCBNgAUSg81Ls6fZtiAaY5ekJ5sXx1,209413,885599,-676186,612
2022-02-21 16:52:01-05:00,11616,3oCun4gm3k8sXxVxiYM8okGi8iCXH9LvDkHf9PBQWYXR,E1np1dZ7jUm811ddvy1jQerBwGSYb5BbZWnUHeotvrfH,True,373346,93336,582,291,291,DddJ7EWCmYEEZETCBNgAUSg81Ls6fZtiAaY5ekJ5sXx1,23294,189570,-166276,623
2022-02-21 16:52:01-05:00,11617,CMVVfXQYALSc58NLD67L8YrJAbDHZ9rFZvYQC7r8Png4,44pytMX14zaEQv6aRQ223CxYB2uTP7VUTQfUY58EkaNB,True,5627870375,1406967593,8793199,4396599,4396600,DddJ7EWCmYEEZETCBNgAUSg81Ls6fZtiAaY5ekJ5sXx1,351727973,1391273906,-1039545933,624
2022-02-21 16:52:01-05:00,11618,Dqnxcekm1QfxGQ2FSJ6SjFiwmaQRWEjW9WTJQG4AjEpE,9JiMtjm5AJqngosRg787FiN8NyuBPuAPD2jYpRQkAc1d,True,157492,39373,243,121,122,3zqXX6kzhkbW3d4TwD2CNjMRwxTbREXySekvq37kfCNk,9742,180162,-170420,618
2022-02-21 16:52:01-05:00,11619,8VQ21PFXdHBNmiZiF18LyGvsRSpr13vkyktfembNCe3m,5exbVC7vaGFeHEGAx7epYfMaU932QafqzfhFm5FKAq2H,True,109367,27341,168,84,84,3zqXX6kzhkbW3d4TwD2CNjMRwxTbREXySekvq37kfCNk,6731,125039,-118308,615
2022-02-21 16:52:01-05:00,11620,AiLCB8xw3k5FXdJE1T42PLFhHrz1bLTKpNekR61a915N,HB7CNWxLipWAc6MPGq9wV4TT7AYjiELA5T3onYeVqBbU,True,2430925,607731,3759,1879,1880,DddJ7EWCmYEEZETCBNgAUSg81Ls6fZtiAaY5ekJ5sXx1,150365,2803012,-2652647,618
2022-02-21 16:52:01-05:00,11621,9QZvB1Gqhk5PKt3MoJMjZL3FaU2bTbTDcVw3nF316zh7,DGJWGr9RCWkzdWn21mWG7NyUN8uuvSQbA53HojFJe1rH,True,1556901,389225,2396,1198,1198,HfEnetJ7uBSmZWCjBNxdvv9HEC5nsW4wDV7wu6WnhWan,95847,1717898,-1622051,615
2022-02-21 16:52:03-05:00,11622,CM95f7KjJuAf1xVTWhu3wrp6BfMz116FbgkxBhcRNs4k,EG55wkH5NcoasfBUYhD5D2dc2uvo11dZ3uTu5wgs4gf2,True,211405,52851,330,165,165,DddJ7EWCmYEEZETCBNgAUSg81Ls6fZtiAaY5ekJ5sXx1,13219,232285,-219066,625
2022-02-21 16:52:06-05:00,11623,2ZX5NexeuZq25mAfBFDrwd44UfKhWgzmSwdhWFmo48c7,CpNnhSqg7EHn9g84gHoo831sVrAe5SkwNaEZAash4CXs,True,818461,204615,1279,639,640,HfEnetJ7uBSmZWCjBNxdvv9HEC5nsW4wDV7wu6WnhWan,51190,943088,-891898,625
2022-02-21 16:53:04-05:00,11624,GM22yjVoBCzgBcVTT5EcgRhVWiXVV82kSj1dPCbegKWj,CDDy8JmJMwJyx1YAvEPpj8AYxCpngRovf3wWfVzao5Rc,True,71483,17870,111,55,56,HfEnetJ7uBSmZWCjBNxdvv9HEC5nsW4wDV7wu6WnhWan,4462,45663,-41201,624
2022-02-21 16:53:04-05:00,11625,Bbd196A866Y9rQWQFt4YGg2R6Jqj7WQGXWPDmrNtPcKf,5gmWk1KwLoRHnhkjxps4Ad6aVk4ZpcfC3McZCWDVCUbu,True,115829,28957,178,89,89,HfEnetJ7uBSmZWCjBNxdvv9HEC5nsW4wDV7wu6WnhWan,7123,137398,-130275,614
2022-02-21 16:53:04-05:00,11626,AnqmmhzVDCNq4dE4VvYkPDGB9nMXr4ykqvUhwxhR21pd,CcMeofCvvrDaBzgAGzoPwRt5eQmzdB1z2Y6UiwGqhFbG,True,1390952,347738,2137,1068,1069,HfEnetJ7uBSmZWCjBNxdvv9HEC5nsW4wDV7wu6WnhWan,85484,1939336,-1853852,614
2022-02-21 16:53:04-05:00,11627,Go3ne58krEsFsZ5yu9EBT7od15VCYmtbs1KhumRMTiXS,HCvwQ7HjmmeDXrguZQPrAbJjcCJzHqVZK2JMSFkFDWfe,True,41397,10349,63,31,32,HfEnetJ7uBSmZWCjBNxdvv9HEC5nsW4wDV7wu6WnhWan,2551,49237,-46686,616
2022-02-21 16:53:04-05:00,11628,D6qMab7uevXTa89ssv4BRyHwrw3FYpNimAmX2VH2uf4B,8ZauZ5dAp7kyawkPdxi4mqfempFHubJebfBenQdDektD,True,66095,16523,101,50,51,HfEnetJ7uBSmZWCjBNxdvv9HEC5nsW4wDV7wu6WnhWan,4074,78560,-74486,616
2022-02-21 16:53:04-05:00,11629,8XcMucCQpWfNtbdCYnKuabk91NQ9wfYp7byk496CwU9n,DLrApDfWcyMqufEFZm9PvddsMoiediT58X8e8pxpnzrk,True,198076,49519,304,152,152,HfEnetJ7uBSmZWCjBNxdvv9HEC5nsW4wDV7wu6WnhWan,12184,218985,-206801,615
2022-02-21 16:53:06-05:00,11630,F5KeSVqcP3C5G7SLQypv4G89gH5eCyoapPDxhyJdhm1L,CCYEZ6ttzu5PxK2yDg26ATDjMWmthLJo6Sbi7iGgExjY,True,69964177,17491044,108944,54472,54472,2BPYaeCXY4BCFSGFSfiGtqmhzJ4fkhYLxGjqFvLCB6hG,4357781,27823604,-23465823,622
2022-02-21 16:53:07-05:00,11631,DjbEch16uzdDtujFUeqxjquTTS3JXzEys8e9ogUv3aTy,6N8eKb3kfcbJEUZKZERiFiUR4hubB635D8Sotiji2TU8,True,14531041,3632760,22022,11011,11011,2BPYaeCXY4BCFSGFSfiGtqmhzJ4fkhYLxGjqFvLCB6hG,880896,15067770,-14186874,606
2022-02-21 16:53:07-05:00,11632,4HDEN1Thxm9RbdE8pXnLP4QksVdXfp7Fa9nAnMRzr7oR,8gD3DbF6VhPTCgk3A4G7iA4f3DPH598Hj7TRJ2FebMCq,True,155836,38959,236,118,118,3zqXX6kzhkbW3d4TwD2CNjMRwxTbREXySekvq37kfCNk,9477,172721,-163244,608
2022-02-21 16:53:10-05:00,11633,FkZhhccPu4gveq1JHW6euEKoS7SC2VBgVPy1B99x9tim,2f5UVLjutRnnVyCD64tPo5XCwhzAEoXU6YCmgNRH6uyk,True,8366,2091,12,6,6,HfEnetJ7uBSmZWCjBNxdvv9HEC5nsW4wDV7wu6WnhWan,513,9419,-8906,613
2022-02-21 16:53:10-05:00,11634,HRN438yBJSX72GV4E3JYLKpwQcnZXgAoB2VkmgXzEKDE,4jEn7ssEM8ZUjAyaKogEb3uyMmbZJ1a7WGCPNgh1Xfty,True,108776,27194,168,84,84,3zqXX6kzhkbW3d4TwD2CNjMRwxTbREXySekvq37kfCNk,6720,108186,-101466,617
2022-02-21 16:53:10-05:00,11635,9hB3EPuj4SrSrpAzHvExDb6mzh2vNGGVbj7qqfRjeao4,9725jRXGPRUuo1dijvv8mwzvSu1ed4y5hi9FAQNwb8dG,True,2050496,512624,3124,1562,1562,3zqXX6kzhkbW3d4TwD2CNjMRwxTbREXySekvq37kfCNk,124964,2350368,-2225404,609
2022-02-21 16:53:10-05:00,11636,HoJ3Re4BmCYKMJx2RUYtoHfg8ncEy3iFqvWJDGKqfMBV,2qg4FMcurNDVRzXYKwpzEYapxFECnAyU2oGmxQCSf3hf,True,99389,24847,153,76,77,HfEnetJ7uBSmZWCjBNxdvv9HEC5nsW4wDV7wu6WnhWan,6135,118483,-112348,617
2022-02-21 16:53:10-05:00,11637,SCtptafLHdkTiYC3e9sv853xNnusHLpoMPxTc1zUVC8,2HF9ggN6EbkYGz3Ajj7tB8m5YF3Yj77Vy96DMFSz5C7j,True,560213,140053,856,428,428,HfEnetJ7uBSmZWCjBNxdvv9HEC5nsW4wDV7wu6WnhWan,34264,600102,-565838,611
2022-02-21 16:53:10-05:00,11638,6VBYUiLyQXvvsDmq1vh1oJ5VeA89tGgxtkgFfofc372m,35pyoeRA4duKX7njdYny3KffM2xaxuWUZGRUMQJ5iAiu,True,13993033,3498258,21727,10863,10864,HfEnetJ7uBSmZWCjBNxdvv9HEC5nsW4wDV7wu6WnhWan,869099,14503135,-13634036,621
2022-02-21 16:53:10-05:00,11639,8cRrU1NzNpjL3k2BwjW3VixAcX6VFc29KHr4KZg8cs2Y,6KhaewfwKyT5fkQvfiDqKzGWEPbuP9H5NfxEUXVx14U4,True,221399681,55349919,343056,171528,171528,HfEnetJ7uBSmZWCjBNxdvv9HEC5nsW4wDV7wu6WnhWan,13722250,76573230,-62850980,619
2022-02-21 16:53:10-05:00,11640,6kscNwPWgKoW7MHRkB4ajxWF3DXLmXjmx9KjDnzikhfs,D49nf79UmrALDKnAa5kf94nZUffzJW7anLm4hVrFG2b4,True,3462547,865636,5348,2674,2674,HfEnetJ7uBSmZWCjBNxdvv9HEC5nsW4wDV7wu6WnhWan,213945,3719531,-3505586,617
2022-02-21 16:53:11-05:00,11641,CcfycMNGUqZLA6EEqtDdftSbQhTL11SYn3LxQqJ23Xgh,Ce7NW9CpB9qGYLf8XUDW49ERutoxtjZSjs54xrzF1fYN,True,196549,49137,306,153,153,HfEnetJ7uBSmZWCjBNxdvv9HEC5nsW4wDV7wu6WnhWan,12241,217367,-205126,622
2022-02-21 16:53:14-05:00,11642,4eba4qAmwfqmihaYvTWFU9hm4VYrKvNhNywHNyimQJNK,G1DyxJcNQD8u4KGfnwxttyrJMfse1FBAsofioEMdTS9U,True,749137,187284,1135,567,568,HfEnetJ7uBSmZWCjBNxdvv9HEC5nsW4wDV7wu6WnhWan,45439,864130,-818691,606
2022-02-21 16:53:18-05:00,11643,CK1SjmBjrW7m1QVZbVZsVZgwEcxw8BTkckkzrZDrDdxW,M6vnBg1TPRhLu7sghkxtf5TkSLw5JhgoDmbGoyEYgR9,True,231690,57922,360,180,180,2BPYaeCXY4BCFSGFSfiGtqmhzJ4fkhYLxGjqFvLCB6hG,14419,255292,-240873,622
2022-02-21 16:53:19-05:00,11644,BMn3FQ6axnUt5K3esCEgoVi8GZAcPCg3YrjcwAFVvTah,HEvRK6CPti7aoTaYExEQAyr9ZyTQ6u4jg5Y2btc7ovdd,True,1140250,285062,1773,886,887,HfEnetJ7uBSmZWCjBNxdvv9HEC5nsW4wDV7wu6WnhWan,70927,289967,-219040,622
2022-02-21 16:54:23-05:00,11645,3gdApRPkUGEqmLvTYf4WQJCnmTVmiEU2wCQG26QMpqKf,HpP2yxq3KfYByT4q4p2mLaELnPdW6kmEY9EqZaBZuUNR,True,138106,34526,215,107,108,3zqXX6kzhkbW3d4TwD2CNjMRwxTbREXySekvq37kfCNk,8636,152066,-143430,625
2022-02-21 16:54:24-05:00,11646,DakevNrDK5fAUGkLdrWHrsLZm8hEZBqkzUiwJouaDPPY,73nFhK7cygPgwKveXrdXcQVte8n1z3iBe4nmUVTGfFmv,True,8194804,2048701,12820,6410,6410,3zqXX6kzhkbW3d4TwD2CNjMRwxTbREXySekvq37kfCNk,512816,6394796,-5881980,625
2022-02-21 16:54:24-05:00,11647,CYcgATWjZUXrqxJyVTEMkDBv1eyUjb1TZi2raTd1ujvU,7jefj3noz9JDDnJ74YZL946EPJtywSnPsi7ZpgU4Wj1G,True,39096351,9774087,60906,30453,30453,3zqXX6kzhkbW3d4TwD2CNjMRwxTbREXySekvq37kfCNk,2436241,15838149,-13401908,623
2022-02-21 16:54:29-05:00,11648,HUe9LgGBjMeNxGyeCtmXr2XbWVFhHXrvgc2XSqCwN11D,7Z1nR9GgezBXsDX5wW3BBarfMRMZV28rX6MeLRuWtycG,True,2105143,526285,3215,1607,1608,DddJ7EWCmYEEZETCBNgAUSg81Ls6fZtiAaY5ekJ5sXx1,128636,2246594,-2117958,611
2022-02-21 16:54:30-05:00,11649,ESoDMPSSLWdp6Fr9R6HhJqr7MngDXp37pRXscqT3MY2X,6mEZ1GV1rQPNvuUC8cwsWJ8CMbm4E15MukXUnYrCA96G,True,1121998062,280499515,1746277,873138,873139,HfEnetJ7uBSmZWCjBNxdvv9HEC5nsW4wDV7wu6WnhWan,69851085,416128896,-346277811,622
2022-02-21 16:54:30-05:00,11650,BmLG3dPSnL9hL2okZcNVsHgzuWYCrWLdXW8z5Jd2gyvF,HXwhov5Re9b8D4XHULcVSdgBNfbtZ7KMhMRqSTcQTbno,True,310058,77514,482,241,241,HfEnetJ7uBSmZWCjBNxdvv9HEC5nsW4wDV7wu6WnhWan,19308,357922,-338614,622
2022-02-21 16:54:30-05:00,11651,GqFbV89UYbQ6aEW1bSvGnnsDtTPQfHPTHzisXPhLnaTC,6X7j3nqmugRyVVw83uSzgiPaemEscc8VdsnPEKDz4fg2,True,96781,24195,149,74,75,HfEnetJ7uBSmZWCjBNxdvv9HEC5nsW4wDV7wu6WnhWan,5993,111173,-105180,619
2022-02-21 16:54:30-05:00,11652,2YPm4Ex9mNHX4CuNAUjkrXgoLFaZs6r1X6asYYUnvPyj,BatsG1UFq8ryYuFFcdnDyFWFPUV5P6w2VQpRup5oUey5,True,143183,35795,221,110,111,HfEnetJ7uBSmZWCjBNxdvv9HEC5nsW4wDV7wu6WnhWan,8855,158732,-149877,618
2022-02-21 16:54:30-05:00,11653,APbpwRCB9tfma8yoi8upe633XZBtNwc5zVxXVjLwhg8s,BBwryuZZ8msiSFNmGkh13Wgg1PoSutY2Ftgz8odcxPm4,True,1094286,273571,1703,851,852,HfEnetJ7uBSmZWCjBNxdvv9HEC5nsW4wDV7wu6WnhWan,68123,1169852,-1101729,622
2022-02-21 16:54:30-05:00,11654,9cRx2sGeqENLrNkvzLSnuD161JshSav6pNg9c7pYLi8f,13ryjUoWLejTLDQKh1m69VFD31onMx8yhzCKhqbeU6s6,True,554839,138709,861,430,431,HfEnetJ7uBSmZWCjBNxdvv9HEC5nsW4wDV7wu6WnhWan,34473,619873,-585400,621
2022-02-21 16:54:31-05:00,11655,BZn1DDE568UHeL2Qniv9EDT1yAAWvPJcTtSw4K4GQx44,CCaroU4YwKvYgibMsRPdEBxeDbzcNC4s5ZthxrhywSm5,True,238703,59675,371,185,186,HfEnetJ7uBSmZWCjBNxdvv9HEC5nsW4wDV7wu6WnhWan,14841,262207,-247366,621
2022-02-21 16:54:31-05:00,11656,8jyD7TX1Ht3jVpTtSsec2YM7PAFq9kgop6xoRTFLEFUA,A4YQqSqtcz1MLrr5qQAGyNC564GbVJ1P3nD8hFz8XXMa,True,2884505,721126,4399,2199,2200,DddJ7EWCmYEEZETCBNgAUSg81Ls6fZtiAaY5ekJ5sXx1,175974,3365856,-3189882,610
2022-02-21 16:54:32-05:00,11657,GdfY68PQzNyTjnd7Ex4fG7mkmhF2gBnTBMPpyD1Qkh9S,DSGr1DQruEnNrGCCYTEpKmBb71RSwdw9eJHFoYWnCGyS,True,6790429,1697607,10447,5223,5224,HfEnetJ7uBSmZWCjBNxdvv9HEC5nsW4wDV7wu6WnhWan,417881,2524614,-2106733,615
2022-02-21 16:54:44-05:00,11658,75NA5QiXEHG4caSB9BpafGZPA9eT9S6MhKTFM6eHjz8H,FmoxAVw2zdG6qbyaXKy6gsvi1XY8ZVbSgUNbjsp9EpVd,True,244376,61094,380,190,190,3zqXX6kzhkbW3d4TwD2CNjMRwxTbREXySekvq37kfCNk,15208,258684,-243476,622
2022-02-21 16:54:50-05:00,11659,57Vsw8jXaaoLriYEkvPAVyq66r4a4zMfLWbDaTBMjFzC,7AVDWUTHa6729UkXgCXASphSmrLvXYGAA9ygTMSqvwvY,True,117093,29273,182,91,91,72FwbpFGoLEazJEdpqNtPNefsadUrimUqma9wSoy4qiS,7316,133891,-126575,624
2022-02-21 16:54:51-05:00,11660,AjWfwwad4vf9c4M2N43AaU6KhLqPL7qXpyXmq22Mw4pX,93FW4JdWdq6eaAzZk9MnrMCCryK4Q5VPnejWQtWvwLc,True,922493,230623,1436,718,718,3zqXX6kzhkbW3d4TwD2CNjMRwxTbREXySekvq37kfCNk,57460,319122,-261662,622
2022-02-21 16:55:09-05:00,11661,51VhgthsxrRRr2PT5gLnDfL1A3soqwCxA1UzH9vRUGTh,4QCcd7hfsydQ63LH7Lqsp8oVXw7HuKamzQf8VMH6Lgu2,True,183632,45908,286,143,143,HfEnetJ7uBSmZWCjBNxdvv9HEC5nsW4wDV7wu6WnhWan,11476,202594,-191118,624
2022-02-21 16:55:33-05:00,11662,Gk4mpwDEggypoPjyrZcFDbHT8WBwspC5AbQ5uDgaQufL,GTDi3mKTcw1NfwbYx8s8YCkzqbaJUM8YUwYifNr9sjgH,True,21345117,5336279,33396,16698,16698,HfEnetJ7uBSmZWCjBNxdvv9HEC5nsW4wDV7wu6WnhWan,1335876,15527153,-14191277,625
2022-02-21 16:55:33-05:00,11663,yWK6vFZq58uYYiHscQTPSBqTDrWEW1SVbqe8NszoTEN,6H1zT5ifGaMKjdvZmptuDYf4Vou7tntdZQPVzQ4hWyjg,True,2903928,725982,4539,2269,2270,HfEnetJ7uBSmZWCjBNxdvv9HEC5nsW4wDV7wu6WnhWan,181598,1948948,-1767350,625
2022-02-21 16:55:33-05:00,11664,JDg1bbHkYeznDUtSBLhagRJ45aSzeSF5V8iDRJCay9wL,8n7ic28zq5PjJtRcM7Fcy5vLW2YVXw4EWMK6UAt2zh3V,True,2668581,667145,4160,2080,2080,HfEnetJ7uBSmZWCjBNxdvv9HEC5nsW4wDV7wu6WnhWan,166418,2945645,-2779227,623
2022-02-21 16:55:34-05:00,11665,CxePQ6ZEn2NCLYgGegSeFX1PyBuczP9j5v131VQSPh1c,9gPk7qTRb5JHqBXRKp3uZfhA2VjQAJDQHTzYXGLUdAUC,True,213407,53351,332,166,166,HfEnetJ7uBSmZWCjBNxdvv9HEC5nsW4wDV7wu6WnhWan,13298,235757,-222459,623
2022-02-21 16:55:42-05:00,11666,4hyYkR4vX3HuybAHHKyLgfseU7qBB5r5xYZ3Ye4ssNaM,8EKhsSKPiaueXNNgPqpyNkAy64bVYaRqiJE1CdryT9wW,True,31546375,7886593,49210,24605,24605,3zqXX6kzhkbW3d4TwD2CNjMRwxTbREXySekvq37kfCNk,1968424,7914568,-5946144,623
2022-02-21 16:55:43-05:00,11667,52hhBAuVyifMNFKGQmSitc8smiEgscXQMzVuZj55j7E5,6B5DBJx9NLytR3fkrYqe5W5ek4rUWsR4nPsRTvRfRwzC,True,3940960,985240,6156,3078,3078,3zqXX6kzhkbW3d4TwD2CNjMRwxTbREXySekvq37kfCNk,246276,4502595,-4256319,624
2022-02-21 16:55:43-05:00,11668,9XHC2Ycm9f56cDYxRPVKYiYWGKA4y7Utpv3e9gpMsZq3,HpqAdpkzWqoJUNqmHEnn4PZwSB6C6jt8FJZQtZtFqXWA,True,1052559,263139,1644,822,822,2BPYaeCXY4BCFSGFSfiGtqmhzJ4fkhYLxGjqFvLCB6hG,65793,1124786,-1058993,625
2022-02-21 16:55:43-05:00,11669,6kZoofhL5S3U8aQU2VW2TDRZdiBYo1e1o8AUSbSttsAy,4zUpycP3EDmXrC1qjmnHuymGVoBjXQT6yAkvKGW9Gext,True,103701134,25925283,162145,81072,81073,3zqXX6kzhkbW3d4TwD2CNjMRwxTbREXySekvq37kfCNk,6485803,29272320,-22786517,625
2022-02-21 16:55:43-05:00,11670,3EgUBHBeKWegibDcCsTGaGehnwHYvpMbcPaT1UTbwQ49,Hxd4dsnLD8uHnG7KR7GVmKXBcpN1egMUvoTccPvBcaYA,True,3915460,978865,6110,3055,3055,3zqXX6kzhkbW3d4TwD2CNjMRwxTbREXySekvq37kfCNk,244439,4469665,-4225226,624
2022-02-21 16:55:45-05:00,11671,DENsFT6ZdpY49u447xVXjwxo2Cn3vJXjyvUjoyB8Spoc,C2RSabtDfqwrJEezhPZTzy13bubSuXzaJZmXRJfDmAu3,True,93136090,23284022,145360,72680,72680,HfEnetJ7uBSmZWCjBNxdvv9HEC5nsW4wDV7wu6WnhWan,5814431,20988341,-15173910,624
2022-02-21 16:55:45-05:00,11672,3PPCwAjj8GNphb3cRs7kP1QVghEUX6gWUH3M4JarQsTD,28UR4WKAziiJmPwas5E5JrY3WaUrR2NkYYXCKuxPHTMR,True,31604511,7901127,49433,24716,24717,3zqXX6kzhkbW3d4TwD2CNjMRwxTbREXySekvq37kfCNk,1977342,33722005,-31744663,625
2022-02-21 16:55:45-05:00,11673,7A1v7bFDJwxM7XomePFyRh58SMHxrNSkM3fJygd8pQUN,DL9jCFHaM8BXJ5KE1YJHXNCbXgSdRgt18MHhAgC6TNmg,True,285600,71400,443,221,222,HfEnetJ7uBSmZWCjBNxdvv9HEC5nsW4wDV7wu6WnhWan,17729,303055,-285326,620
2022-02-21 16:55:45-05:00,11674,Ew46nMa9TojSd6MHZjJm79LbLKzF2RbheniWUyBHuXvn,FjzRjSD6qiXcwwFXsFfmKGZbfmfZEYPpqrjc4RAX2Tt,True,482412436,120603109,753413,376706,376707,3zqXX6kzhkbW3d4TwD2CNjMRwxTbREXySekvq37kfCNk,30136528,142809116,-112672588,624
2022-02-21 16:55:45-05:00,11675,68qWTKE41JPQMbF7zwqoELSVn2XbjcUMA4UTfER4fcz6,HrDYnhxX1Gm72Kq9H9k44xUfxqELLkC2yoEkkR3LEEHM,True,72264169,18066042,111754,55877,55877,3zqXX6kzhkbW3d4TwD2CNjMRwxTbREXySekvq37kfCNk,4470168,47943606,-43473438,618
2022-02-21 16:55:47-05:00,11676,7EtGovzHsbD8cKGqq4R5rvKBbncR4Kc7CDkTjof2QBMf,8ShjeNWM2vcvUF9yYztYCHUQfcGsyg2A1LyWiPbQDDvq,True,22832,5708,35,17,18,HfEnetJ7uBSmZWCjBNxdvv9HEC5nsW4wDV7wu6WnhWan,1410,26095,-24685,617
2022-02-21 16:55:48-05:00,11677,Fs8MQLaMyr1Q96HsZivKLY7Kjdeu2ZoB2n3VTZ15KbSn,DREfCs5CTVNUUF8H3hD8CWvtxztiYxoLYh8HUWDecMyZ,True,3695074,923768,5656,2828,2828,3zqXX6kzhkbW3d4TwD2CNjMRwxTbREXySekvq37kfCNk,226242,4228708,-4002466,612
2022-02-21 16:55:50-05:00,11678,8d4LtUwpkNSKRUdFbxhbeeaVc8hABhwjUExt3QgEVQbz,BieULGWXC1yEtuK9y27SMo9ApNDo6jLjxs5egr1Ebsda,True,586112,146528,907,453,454,HfEnetJ7uBSmZWCjBNxdvv9HEC5nsW4wDV7wu6WnhWan,36315,688814,-652499,619
2022-02-21 16:55:51-05:00,11679,69cFodpUtBD5aVvTrRPR2UvhNovtbt1ujzjrWCMRptzZ,CyoTMUR3tjL4JeuA4Zp4mTzLYHigjrtp1MWtD3iraXVq,True,98130644,24532661,153285,76642,76643,72FwbpFGoLEazJEdpqNtPNefsadUrimUqma9wSoy4qiS,6131423,22290779,-16159356,624
2022-02-21 16:55:51-05:00,11680,AeKNHJsY5gWwZZZPvgqZb7TAoS25fQ3pW81QFNeA992E,4ja9TG6tRbQ1xNquFNWdpHWaqdqzbNuZJdu9SyKXB5wV,True,8780751,2195187,13593,6796,6797,2BPYaeCXY4BCFSGFSfiGtqmhzJ4fkhYLxGjqFvLCB6hG,543754,2834071,-2290317,619
2022-02-21 16:55:51-05:00,11681,HfwGSiwGiyDFaTS2usYRp82zSmPPQqZukbw2d1BuFs5w,ArtgZbmA33k8Y3EfR6oMJiqT72MUrVBQqifPBdcnrzea,True,70684,17671,109,54,55,2BPYaeCXY4BCFSGFSfiGtqmhzJ4fkhYLxGjqFvLCB6hG,4386,50039,-45653,620
2022-02-21 16:55:55-05:00,11682,6A96z21JsmrTkrR993G3kmjv4mkaQj3E85HZ2smcyyqz,HSKt8EiWmzgWcLSEiZvFZVQYHinJKVpsJhAzFfRranzf,True,489087368,122271842,763146,381573,381573,2BPYaeCXY4BCFSGFSfiGtqmhzJ4fkhYLxGjqFvLCB6hG,30525862,122632707,-92106845,624
2022-02-21 16:55:59-05:00,11683,5cF5fArh7avaBqRfz8XPrBbn7uMfCkdjVrgAaFXdh7bW,3Wur3gBSbyiuhoNiPGEM18ryxoATHCF9vfn6awt739XS,True,87425,21856,136,68,68,HfEnetJ7uBSmZWCjBNxdvv9HEC5nsW4wDV7wu6WnhWan,5458,26520,-21062,624
2022-02-21 16:56:09-05:00,11684,2dm92uFR4iRK6BaXt5sGWZiFAFXMUDHphr9ENjrBNDMx,HjUUKnmbvGwAmzVxMecrY4o8EgfWCzvKukCQRzUggvX8,True,920488,230122,1438,719,719,HfEnetJ7uBSmZWCjBNxdvv9HEC5nsW4wDV7wu6WnhWan,57541,137053,-79512,625
2022-02-21 16:56:09-05:00,11685,FwTGq3BeMLyRFRa5r4E6nySLgoLNcNdqJsCQxA2i6uh6,88w6ti3WSriyu2FvNjVfrLpGyU5PUvaiJyqrAGPM8TKp,True,113342,28335,176,88,88,HfEnetJ7uBSmZWCjBNxdvv9HEC5nsW4wDV7wu6WnhWan,7072,129684,-122612,623
2022-02-21 16:56:10-05:00,11686,7rq3F5ZQXc991M4SCSqvhYKL2SsPT1DKjBBUoxovYt1e,BwzUY6Tyc5TnBfSajK9WeyjGVqVj6Lup73vd88dSc1vh,True,7755939,1938984,11986,5993,5993,3zqXX6kzhkbW3d4TwD2CNjMRwxTbREXySekvq37kfCNk,479442,4031559,-3552117,618
2022-02-21 16:56:13-05:00,11687,DCkjozrctZPab1pNCaqcQNi9bNoYPiSpSC4H5jgF5oHr,2mtV7geyySRvNLXBF2eewzFUKeJLVikximahH4M6ttjb,True,623586,155896,974,487,487,3zqXX6kzhkbW3d4TwD2CNjMRwxTbREXySekvq37kfCNk,38982,165397,-126415,625
2022-02-21 16:56:13-05:00,11688,6b7Ro2myM4HcUDqyyW9NEqTWPz8BWpH4eNFSQQci37So,7r7j7rSsa6YZcTuRPfs3KP44MVqUA4Q5NeJGmx84wbHq,True,10927,2731,17,8,9,3zqXX6kzhkbW3d4TwD2CNjMRwxTbREXySekvq37kfCNk,680,13114,-12434,622
2022-02-21 16:56:14-05:00,11689,8HWpccoTmPZ9MsrxtvQ5BV5y8a8WBAB1Sxx2WAiYKRLH,9chtr2Nqg77CCCnjC5JqENmUBNxpDHVH6BG3wojn9gHQ,True,131601,32900,202,101,101,HfEnetJ7uBSmZWCjBNxdvv9HEC5nsW4wDV7wu6WnhWan,8086,152775,-144689,614
2022-02-21 16:56:14-05:00,11690,9bvCk8TP3xSu52mvCGrhL2UtCYvJqXqrU2sEEkqusvqc,FZXwdLW4Gyb6HGCJdTX18FbhPDVU7Hdk88hQrvMu8k4t,True,778705,194676,1210,605,605,3zqXX6kzhkbW3d4TwD2CNjMRwxTbREXySekvq37kfCNk,48423,113470,-65047,621
2022-02-21 16:56:41-05:00,11691,6K4ZBJDMWeKYHHHSouBVGb95qjKPNKyu62ahgMyhaPSS,ErHUBFxH7pTmeVDg3W6RcGQYoXJpcb1HhssGzANWfPmq,True,5542382,1385595,8562,4281,4281,HfEnetJ7uBSmZWCjBNxdvv9HEC5nsW4wDV7wu6WnhWan,342488,1916884,-1574396,617
2022-02-21 16:56:43-05:00,11692,Cd9Ve6KzV4wi965kEL74etsebNZBPwpJgFjgDTvmEfkn,E5EFQLWZ7dJ2BpRT7MXdKjnSb1b8WU3eXwC4zKVpshxT,True,5017922,1254480,7811,3905,3906,HfEnetJ7uBSmZWCjBNxdvv9HEC5nsW4wDV7wu6WnhWan,312476,1619521,-1307045,622
2022-02-21 16:56:43-05:00,11693,EYt1Pzqfwnd4iXSmcpw4T3Edmm1y3GnRhCjcQEEK4Atj,EHqporfvvfg7UQPsjv5tsgZE8u9yyRuEU2DdLpQeXy85,True,80817779,20204444,126097,63048,63049,3zqXX6kzhkbW3d4TwD2CNjMRwxTbREXySekvq37kfCNk,5043899,38857962,-33814063,624
2022-02-21 16:56:43-05:00,11694,HQFH65hxhAwbGbP4pSCV4PJj2Ec2cyrk6c8XmShJaHp2,DQ9hhWS4FBCZytmfjdAh3Fo15Vkz9hQ4NRuLXF9Y6XTn,True,3411677,852919,5275,2637,2638,3zqXX6kzhkbW3d4TwD2CNjMRwxTbREXySekvq37kfCNk,211013,1018088,-807075,618
2022-02-21 16:56:44-05:00,11695,GwYr2DmtMVLWxVz6kVSXR6rvxL4x3DXtvNC7taswSWHN,2otMHa7JT1twPSSN6XF9fqGkKrEK8nnuMFZG1TtAgFQk,False,813,813,40,2,38,DddJ7EWCmYEEZETCBNgAUSg81Ls6fZtiAaY5ekJ5sXx1,40,931,-891,492
2022-02-21 16:56:44-05:00,11696,4oop1mjCh1Ao9NoWAUacAGc75GxiRTXr8KJ3NtzZ7btf,BfntjUunXBhnrKmocQ7pZr3wwxruRGudMyWQYC2MUhei,True,367675,91918,563,281,282,HfEnetJ7uBSmZWCjBNxdvv9HEC5nsW4wDV7wu6WnhWan,22528,415015,-392487,612
2022-02-21 16:56:45-05:00,11697,HukFwJRwbT4R5P1YBDg61HphUfBHLiiawpvwf7C8VYzR,ATQqXSEQcZJL1hjfbQZ2ihUuRbxG6fJppJhv7ycWEhPd,True,178144968,44536242,277686,138843,138843,3zqXX6kzhkbW3d4TwD2CNjMRwxTbREXySekvq37kfCNk,11107450,158765043,-147657593,623
2022-02-21 16:56:45-05:00,11698,6sK2PQyTvStxT9qigrFaPmf9GSe4X4wLb4ig7izrzwaB,6iyTuXdnBiLrKPCat7ajRnUq2245L9bbJrHAvsnyFx8e,False,813,813,40,2,38,DddJ7EWCmYEEZETCBNgAUSg81Ls6fZtiAaY5ekJ5sXx1,40,932,-892,492
2022-02-21 16:56:45-05:00,11699,53tYUt45c6PxePsJATHbxxbFWbwdCuALHZ3XN78GkeqK,7Z2E7hoXSEbks1CHEjeKhiB9wtgkdG2YQhiVXbFAqRz9,True,474786568,118696642,735445,367722,367723,3zqXX6kzhkbW3d4TwD2CNjMRwxTbREXySekvq37kfCNk,29417806,119400221,-89982415,619
2022-02-21 16:56:46-05:00,11700,aTkGURJptmKNNP6RSXSWsmVbfcriSAJaMuUiT2eZEfb,5qoGxL83PLhrguyk27X8xE6jGitRg5BaQpXzrcfEvCfJ,True,182948524,45737131,284734,142367,142367,3zqXX6kzhkbW3d4TwD2CNjMRwxTbREXySekvq37kfCNk,11389398,37640874,-26251476,622
2022-02-21 16:56:48-05:00,11701,23FjS7S6hwPkaBsziThnqwAqy3dZvDYvNLdCKfxp7Jr4,CpGixAiKhjCWJ8tD8hWxuSUeU7mQeoZU5TVdqsAEMvLQ,True,8365241,2091310,12837,6418,6419,2BPYaeCXY4BCFSGFSfiGtqmhzJ4fkhYLxGjqFvLCB6hG,513481,13770504,-13257023,613
2022-02-21 16:56:48-05:00,11702,EBpxGcrs4eWAbBU5rEjFxbr24MjUstZQRMV9jK4q8kMp,EYVd6pztEuz8PC7rUnJ1AjVZ81WWpynyn2qEKtveqrHG,True,155829,38957,240,120,120,2BPYaeCXY4BCFSGFSfiGtqmhzJ4fkhYLxGjqFvLCB6hG,9601,178895,-169294,616
2022-02-21 16:56:48-05:00,11703,3jJxvfbyc9KvECkLWTGptkezCLZfiums7GgfANyCULF3,C7fXi4upWW22F2Ak7AzsYVASjjdfZZtPmkQ9pBB2bJXZ,True,9630149,2407537,15032,7516,7516,HfEnetJ7uBSmZWCjBNxdvv9HEC5nsW4wDV7wu6WnhWan,601317,5945743,-5344426,624
2022-02-21 16:56:48-05:00,11704,9Digi4Kx7aL6pZ1UytgVhobDVSj5ME66zFPL41DC2byC,8NyLbYQR5mhHBuL78Xr8RhRMnfc9yjkZPbZifgB8xmxP,True,4261799,1065449,6641,3320,3321,HfEnetJ7uBSmZWCjBNxdvv9HEC5nsW4wDV7wu6WnhWan,265643,4450444,-4184801,623
2022-02-21 16:56:48-05:00,11705,22JE5fm9AfMDb7trY9333TRh4PyNmP7VjvvJM4R8XeE7,GR8Q26CoBKMSkodvKEqEEyY7eLssMc7PWDMAmBo1zfcw,True,778795,194698,1208,604,604,3zqXX6kzhkbW3d4TwD2CNjMRwxTbREXySekvq37kfCNk,48336,205167,-156831,620
2022-02-21 16:56:49-05:00,11706,FdYFnEYtFQKcZPmzUqnvNLzozxdR1emtkmvnYcMgYykS,7arWNJQf2cWxerjhLgQh9CJxwTat1efnr5KmhuD7Qnv4,True,69366,17341,108,54,54,HfEnetJ7uBSmZWCjBNxdvv9HEC5nsW4wDV7wu6WnhWan,4336,82114,-77778,625
2022-02-21 16:56:49-05:00,11707,5y8ZSWUnrm4B3emh7vLQKTh89vHtCvXqUhk7fJBA52is,Bu1AoKU2QQWpGH54ZzugvvACB3E1d3VvymnegNmTgHqg,True,2497174,624293,3890,1945,1945,HfEnetJ7uBSmZWCjBNxdvv9HEC5nsW4wDV7wu6WnhWan,155611,2884538,-2728927,623
2022-02-21 16:56:49-05:00,11708,9Hz4p7gcfDbXBJp8KzhaBBPh9i7xe9kun7zLfDtqPe6c,2bJ43Lep6kp6WY7Ct56oiscKnAbdtC265G5yRvRPFThU,True,325945,81486,509,254,255,HfEnetJ7uBSmZWCjBNxdvv9HEC5nsW4wDV7wu6WnhWan,20372,261953,-241581,625
2022-02-21 16:56:49-05:00,11709,As81koHnSP9quoXuUVNHp3VR3Qaks8HLa4sFgJDocYiF,AMVm8dXia5s974VgZSbeE6uPDgyXDHZFyJ2W1J1CWvKW,True,2496547,624136,3900,1950,1950,HfEnetJ7uBSmZWCjBNxdvv9HEC5nsW4wDV7wu6WnhWan,156008,2885563,-2729555,624
2022-02-21 16:56:49-05:00,11710,AyvbTEsXMsth6rasuUckA7c5Sj1ddRi2hkAyxZsABbfw,B5Y7cDBh6tNWzSgrdqukc5NNaKDjzsdWxPgZhjuQrQnK,True,47441521,11860380,73564,36782,36782,HfEnetJ7uBSmZWCjBNxdvv9HEC5nsW4wDV7wu6WnhWan,2942565,10491044,-7548479,620
2022-02-21 16:56:51-05:00,11711,FYdUiU3rPpbYKWnEpekQQsocSJKjXmscohi4v6DYqix7,daPyq9YdunQJhhLoW5ifhJ7UFPTtRZhGs4JwE1nqZhN,True,89703,22425,140,70,70,HfEnetJ7uBSmZWCjBNxdvv9HEC5nsW4wDV7wu6WnhWan,5614,106120,-100506,625
2022-02-21 16:56:51-05:00,11712,A4Q7Vrc9M3GtEXNUSiVBFkansyf5sKBtSeVT92WFacqv,EWLNfsTKqzkd7KAhnrPRre4Dyk6exb3H9wSbrJuyWprg,True,2271141,567785,3549,1774,1775,HfEnetJ7uBSmZWCjBNxdvv9HEC5nsW4wDV7wu6WnhWan,141988,2631347,-2489359,625
2022-02-21 16:56:52-05:00,11713,3sGCWcgPY7TzRCkFR1uuY8KcUzVRbdTyFYxh7V1csNMX,CcRFNnG2uhyLwhNAbX4U49jkMeC11kJtVhhyqDWdDK5r,True,2537553,634388,3969,1984,1985,2BPYaeCXY4BCFSGFSfiGtqmhzJ4fkhYLxGjqFvLCB6hG,158776,2942344,-2783568,625
2022-02-21 16:56:54-05:00,11714,EDSf2w1UyGvbgMuxyoXL58ifR1dviZinnLBYnFmgjcNG,DFenkzbL9SUjs9cSCaHJ1eXK75mHfk3GSPRFs8TSzrFV,True,5606159,1401539,8740,4370,4370,HfEnetJ7uBSmZWCjBNxdvv9HEC5nsW4wDV7wu6WnhWan,349620,3184720,-2835100,623
2022-02-21 16:56:54-05:00,11715,2ZSfbqxhiCTDrDPeRhoWayTZHNmW7ajVXBCxpFS4eGBF,3ZmWsPdQD7qfSMGKQSNhmBtuH7S6qMFRc8oEmBcHXEiR,True,89122,22280,139,69,70,HfEnetJ7uBSmZWCjBNxdvv9HEC5nsW4wDV7wu6WnhWan,5578,105453,-99875,625
2022-02-21 16:56:55-05:00,11716,8ARSFh2vPjz7M1pjNqFRsRrHFGwVsUNnD7kLbqhmMrZR,9TGsutLwHv259Le8zfZ75FM4eLZffi6itgWBgYqeKkAy,True,596958,149239,932,466,466,DddJ7EWCmYEEZETCBNgAUSg81Ls6fZtiAaY5ekJ5sXx1,37289,701632,-664343,624
2022-02-21 16:56:57-05:00,11717,BrHRMouGRz3LBNzd9anfdYMhWfg8yUPHL4PqJ8WdEDFS,4uzoLa3mC2VYHAPBoHLX4gTjPTC28rPf2fvEGtJWPYc,True,11312,2828,17,8,9,2BPYaeCXY4BCFSGFSfiGtqmhzJ4fkhYLxGjqFvLCB6hG,708,19817,-19109,625
2022-02-21 16:56:57-05:00,11718,AwT3pH9dHjECDnuUiazbD6tZxZHdNwgJ4vBMmxLHMiLo,AjybksvjMT1QT6KvryXCG47pQGT8v9jxM34VkveGPQrs,True,573987012,143496753,894560,447280,447280,DddJ7EWCmYEEZETCBNgAUSg81Ls6fZtiAaY5ekJ5sXx1,35782430,252205793,-216423363,623
2022-02-21 16:56:57-05:00,11719,92vHa65f4WpuqzSCMESDMPxZ2yfLxXJMMPYLof75EiN,3QZvcV1wL2ZYnw9yY9sbhiCP3dYYHeUZB7gcqtSutuLK,True,56609585,14152396,88403,44201,44202,DddJ7EWCmYEEZETCBNgAUSg81Ls6fZtiAaY5ekJ5sXx1,3536140,37687775,-34151635,624
2022-02-21 16:56:57-05:00,11720,2EkjFzKuqQaT9iLsf4qHnXM6rnbj7ftEyzzRsWx6D347,9NpHNbrRJF3U8Ub4KraPHhhZpyZk9Teo836dJSktJMEV,True,788965,197241,1227,613,614,HfEnetJ7uBSmZWCjBNxdvv9HEC5nsW4wDV7wu6WnhWan,49091,573739,-524648,622
2022-02-21 16:56:57-05:00,11721,E3VXmcpGHFLMaoEB76WUMUWkaHNGhwQyG88uoRhryniB,9388AsZ75Uh6KpyhPRQeJUJGw8EoGSTGfBsdWzMByKar,True,896478,224119,1397,698,699,HfEnetJ7uBSmZWCjBNxdvv9HEC5nsW4wDV7wu6WnhWan,55890,317509,-261619,623
2022-02-21 16:56:57-05:00,11722,ymyzGH4Qc7HH5PbKpVphCbsQgLLXyGkPcXamQJuNj5C,8oTLHaV2XzbKXNWRuUjCfHjUn61Pw93LYK14m9q2VDpZ,True,4719,1179,7,3,4,2BPYaeCXY4BCFSGFSfiGtqmhzJ4fkhYLxGjqFvLCB6hG,295,5187,-4892,625
2022-02-21 16:56:59-05:00,11723,Aop82qT6CwZbomif4QowqP3VaSHKB1837B2yNKqw4tER,65BVa4jrCx9etU5eXBAXT2PVnwVot2HLWGYyNXbVJDFk,True,1225579,306394,1915,957,958,3zqXX6kzhkbW3d4TwD2CNjMRwxTbREXySekvq37kfCNk,76621,1416578,-1339957,625
2022-02-21 16:56:59-05:00,11724,8w6CkZjw2egvAy9CykZfqz7mdRMxcSyzU4mT5WNLHs5Q,D4u8CcdVvLfDQ4xPzfVMmGzao4XdP5HWBnuh9g7Hc3Qg,True,37234604,9308651,58223,29111,29112,3zqXX6kzhkbW3d4TwD2CNjMRwxTbREXySekvq37kfCNk,2328938,47586001,-45257063,625
2022-02-21 16:57:00-05:00,11725,F82PLGiP5KXaPHD94YDq5FnfGeFbb6Z4gBFHypukaCi9,7ckYcHsEdKq3mfvAUc71uRUw2ugvS9yu7RNJErsdefi7,True,37241704,9310426,58258,29129,29129,3zqXX6kzhkbW3d4TwD2CNjMRwxTbREXySekvq37kfCNk,2330336,47580299,-45249963,625
2022-02-21 16:57:00-05:00,11726,CJpe9bNHxS63QMaGJhmnr4u7eTo6e5GApZQZyPtXLAkk,EMVL4sDfVXwGEoGEYwLp8D6itfy3eu4FZBAj1kMz6uXa,True,2378983,594745,3675,1837,1838,DddJ7EWCmYEEZETCBNgAUSg81Ls6fZtiAaY5ekJ5sXx1,147028,2756596,-2609568,618
2022-02-21 16:57:00-05:00,11727,BLJgLzizx2yLgd12pVBAHTMqn9J5JA3JHCF8PnLnPyUk,HhDmwMysBFWhXnd3mrV31w75WBRKBS8wJSiEMZgqdUSp,True,350270,87567,542,271,271,DddJ7EWCmYEEZETCBNgAUSg81Ls6fZtiAaY5ekJ5sXx1,21718,423953,-402235,620
2022-02-21 16:57:01-05:00,11728,AvpYg74EBhwAXE8rcdGkpwmbBMRyVidF6zMRSFtWAVC6,4WgpqTp4r9wMpMptYMNbvCaP2faBnVr6FdShCAobetpL,True,88308,22077,137,68,69,DddJ7EWCmYEEZETCBNgAUSg81Ls6fZtiAaY5ekJ5sXx1,5500,104683,-99183,622
2022-02-21 16:57:02-05:00,11729,DwoQXrbwHmfnkWvYaHbPjir3WLmq3oSpSrAjnPdDqgtL,Hv6r5uYpyyn8B4PTzrki6mj5hdF64yaa564Zi277tANU,True,1326188297,331547074,2060309,1030154,1030155,3zqXX6kzhkbW3d4TwD2CNjMRwxTbREXySekvq37kfCNk,82412361,500382591,-417970230,621
2022-02-21 16:57:03-05:00,11730,9Wzu7BWPgx9JRwuituo7vxNXVkpRA7C5W62CATnPpy6Q,GYPiAfGtfkMjDKdi6MrM7VXzpSwPnp2qWwwCX4iFGVtq,True,162738036,40684509,251756,125878,125878,3zqXX6kzhkbW3d4TwD2CNjMRwxTbREXySekvq37kfCNk,10070273,110374416,-100304143,618
2022-02-21 16:57:04-05:00,11731,BCGTaPQxGEMjD7xUxwfwmVVYJ9CEGH33yJRi3QjwyiLE,JBct1cZ9a959UKwABBEefwxZnGTAAGLzyUdXrXqGGCZd,True,988099,247024,1539,769,770,3zqXX6kzhkbW3d4TwD2CNjMRwxTbREXySekvq37kfCNk,61564,481488,-419924,623
2022-02-21 16:57:04-05:00,11732,U3vvMQ4X4aKzVYfhMw1V1p58HRqaLnuXozqmmefYeD9,7JA94MArkNCFRhBq8f5a32DgMF6aPdFsoC5HvXDQ6NuR,True,107626,26906,167,83,84,DddJ7EWCmYEEZETCBNgAUSg81Ls6fZtiAaY5ekJ5sXx1,6700,141346,-134646,622
2022-02-21 16:57:06-05:00,11733,AQr9mVmcXCNQhBVCfx63MwR6c4WqDSC9K2BZqr7N8LCx,CB7TWUaL381ounsLw6neAUaKRxJL9P1HC9uGX5e1Uxod,True,62206365,15551590,95926,47963,47963,DddJ7EWCmYEEZETCBNgAUSg81Ls6fZtiAaY5ekJ5sXx1,3837065,22129079,-18292014,616
2022-02-21 17:00:09-05:00,11734,2rLWe1XADCU93guPU6WgSW6x56gYNfif9bm11V93mJnv,BEGhQRm3fgSHeBtk2DYrXEBPKPRvS3sHyTNopmoBJxMs,True,266322581,66580645,415910,207955,207955,HfEnetJ7uBSmZWCjBNxdvv9HEC5nsW4wDV7wu6WnhWan,16636419,198006938,-181370519,624
2022-02-21 17:00:10-05:00,11735,FtF3PVw8YNJseWPMcA2GEuQZ6nni1mq5kYPa2LrSzfkW,4yr1TM2dXrBvLNMpSaoryuGU2P8D3WG1ZCkvVzWFiQRH,True,6642343917,1660585977,10380975,5190487,5190488,3zqXX6kzhkbW3d4TwD2CNjMRwxTbREXySekvq37kfCNk,415239001,2142833148,-1727594147,625
2022-02-21 17:00:14-05:00,11736,9kYkFDNE3qD6s73fn8kJowgqbDZoDSw22XaUJ7rTD43D,E8zJz8pT2c9aZsxe4kLMNs4bY7skt38SU5wK5JTqbGr6,True,1365142,341285,2123,1061,1062,3zqXX6kzhkbW3d4TwD2CNjMRwxTbREXySekvq37kfCNk,84950,1620361,-1535411,622
2022-02-21 17:00:14-05:00,11737,BJaaH1SK1pF2kZQzmYpLFfDtm52CR9a5rd39RAPtLe8q,HUsT5FVxaisdnCvG1BQxX6zffjfL2Rwx5mMo5y8SDV7e,True,159517,39877,247,123,124,HfEnetJ7uBSmZWCjBNxdvv9HEC5nsW4wDV7wu6WnhWan,9902,112980,-103078,620
2022-02-21 17:00:14-05:00,11738,FF8rqfM9PTEjYiVFy8jS81weDRwdaYooux2uSa2LexrJ,JBk1JghH1gged1YpDbkczFXP9ka5ivYSkaYoVbbXD4kg,True,64218,16054,99,49,50,HfEnetJ7uBSmZWCjBNxdvv9HEC5nsW4wDV7wu6WnhWan,3971,80849,-76878,618
2022-02-21 17:00:14-05:00,11739,3tQBuHwr3V8AZu8Yqhg1UfmnFoxzkUq9UeGeLm41UHy4,9cESwduiHBgrxZK1hN1eAFwnyfxw3FEHezTa8Ue5Kpye,True,7158390,1789597,11099,5549,5550,HfEnetJ7uBSmZWCjBNxdvv9HEC5nsW4wDV7wu6WnhWan,443969,5753522,-5309553,620
2022-02-21 17:00:14-05:00,11740,gwRpwn2swQgwyJ7ijihN1aKNb1LtsvJwWpWkGc3ttEc,HT22Au8YZoja3ijYVuxEwSZdve73yrp1NKczv4vGbzrL,True,779547,194886,1218,609,609,HfEnetJ7uBSmZWCjBNxdvv9HEC5nsW4wDV7wu6WnhWan,48721,204800,-156079,624
2022-02-21 17:00:14-05:00,11741,3NhNdphQiKwgHTmTJc4qVhp3aWjqnwMTYbRW1y9CZrZg,BNpP1sKPAr7Dk1ymSrupge9KGMVpk4LfjTjawgi9YaC5,True,521419,130354,810,405,405,HfEnetJ7uBSmZWCjBNxdvv9HEC5nsW4wDV7wu6WnhWan,32403,603714,-571311,621
2022-02-21 17:00:14-05:00,11742,9WuBRozWpN4yDacdweLCTNZrsK8LbpfVEbTLrN8QgyZG,9rMFXUMpZwwTnyUejEqS78Ny1yTvAWfhV4QtJwcX5Fo7,True,49452455,12363113,77298,38649,38649,2BPYaeCXY4BCFSGFSfiGtqmhzJ4fkhYLxGjqFvLCB6hG,3091946,12690894,-9598948,625
2022-02-21 17:00:14-05:00,11743,4SX2pj4eHRwFMtyDCrMZ8ZT6ASAMi7yfZWZnccw5dGn8,Ads49ZqvTmPHxfzNYm4oJb4HBYhwS6vXQbarqmpUi5VZ,True,72475,18118,112,56,56,2BPYaeCXY4BCFSGFSfiGtqmhzJ4fkhYLxGjqFvLCB6hG,4500,86024,-81524,620
2022-02-21 17:00:14-05:00,11744,HGJoZvLakWfSDFwuvShNBc4kCf7nP7VqzyM3mELpbFEf,12Qn5jin7QvsBngXqYAv4UstyG3b6nRf1jsLp9Dp8G7k,True,5551,1387,8,4,4,3zqXX6kzhkbW3d4TwD2CNjMRwxTbREXySekvq37kfCNk,346,6718,-6372,623
2022-02-21 17:00:14-05:00,11745,4q5tGJYhKAyUCLkFdAajtrE9KCvZohCEFqGp5XkqAHwD,8a913NCjVRW6F4DzwaxijQ4URD4AkpCDhts2MJUBYPWs,True,677614,169403,1041,520,521,HfEnetJ7uBSmZWCjBNxdvv9HEC5nsW4wDV7wu6WnhWan,41673,252177,-210504,614
2022-02-21 17:00:14-05:00,11746,DMgD2KCEhTGFLUZ5GnfNcwfiiwKYbyVpoWiN6knMkCAf,5KU2vgBkPTNVHsSULjgX7ZkZS56U3Dy3xqLTxL5sUZJ3,True,488122,122030,761,380,381,3zqXX6kzhkbW3d4TwD2CNjMRwxTbREXySekvq37kfCNk,30441,704838,-674397,623
2022-02-21 17:00:14-05:00,11747,EBnMKbaJEjNXjt14hxssR8wd3Ua37McPQxUZnKxxbgtd,FAALK2LRFhg98ezHEBFrgrzxTg66eZpmo7ctKDEck8q5,True,156477,39119,242,121,121,HfEnetJ7uBSmZWCjBNxdvv9HEC5nsW4wDV7wu6WnhWan,9718,169979,-160261,621
2022-02-21 17:00:14-05:00,11748,7EvJoetxJVTgpJXqE1VC3fZN1CQ5xdWdv29yCiDuH9gU,6RTEusjGEHNDdMj75qkpzYHjHZ3R2XN5xvptCwkRJz5j,True,99674,24918,154,77,77,HfEnetJ7uBSmZWCjBNxdvv9HEC5nsW4wDV7wu6WnhWan,6193,118315,-112122,621
2022-02-21 17:00:15-05:00,11749,63RJUGNb2mPuiVvqCacwZ9BDvnqoPuBFbogvHNZukUSW,FyLe7q7PNK9VjdVv2xJyT4q9Wwj5BikVu3xhBirYPhVS,True,667350974,166837743,1034917,517458,517459,3zqXX6kzhkbW3d4TwD2CNjMRwxTbREXySekvq37kfCNk,41396711,151212737,-109816026,620
2022-02-21 17:00:15-05:00,11750,9BMHbUs4d3qX49fnroHv2FTPDs4yoDFrvDMqf8p9U4pE,2yL7zwMr7qVG5Sdwkf7z6ppnNqt1ASppBbmxwYjfFY6Z,True,1382221,345555,2158,1079,1079,HfEnetJ7uBSmZWCjBNxdvv9HEC5nsW4wDV7wu6WnhWan,86345,1641221,-1554876,624
2022-02-21 17:00:17-05:00,11751,43wwd6zLB8yKfXEu7rtbeDFhKBuxFR66MnyhTKW3zqa3,A9t6AMvVNenwWymz3QMtdUuuGYjjTPLaA9bhRjTzNY9h,True,1386719,346679,2162,1081,1081,HfEnetJ7uBSmZWCjBNxdvv9HEC5nsW4wDV7wu6WnhWan,86506,1642514,-1556008,623
2022-02-21 17:00:17-05:00,11752,6Z6y2QLJUZ5s6zdjanJcKprTAotx8tqr9DRNqqycMeS4,JCYwt8MHVaBb14GB2qAvDWwYVMaL7VTxyNEt7Eo5Zy8x,True,72897,18224,113,56,57,DddJ7EWCmYEEZETCBNgAUSg81Ls6fZtiAaY5ekJ5sXx1,4533,86380,-81847,621
2022-02-21 17:00:17-05:00,11753,5iRLEmB6qBHqkJBPyyubnd9f1TpRr4EY8BTxuHUREeLB,GkY73KL6HJ4ycdggFtYWALBgmTRZVCx66P2ZJ7E8ENwC,True,75944,18986,118,59,59,HfEnetJ7uBSmZWCjBNxdvv9HEC5nsW4wDV7wu6WnhWan,4741,90003,-85262,624
2022-02-21 17:00:17-05:00,11754,BMawc4jLJMER4ryGcwdm27H3MU8JQCiSfwb9onVfYDpr,5ciaGDuaB3rBKvV7MphT2eMkCUxBzWZc7zYXQM7vbQ46,True,522970,130742,813,406,407,HfEnetJ7uBSmZWCjBNxdvv9HEC5nsW4wDV7wu6WnhWan,32558,602319,-569761,622
2022-02-21 17:00:17-05:00,11755,EPWsutEpgpcz776maq552k8QhDKdmkSfAED5E3jgpTdY,CCwGZYDvqoHEBBtSSieAJgy5e3k4jYrpjyDffypwnWxu,True,3698842,924710,5771,2885,2886,HfEnetJ7uBSmZWCjBNxdvv9HEC5nsW4wDV7wu6WnhWan,230846,4238610,-4007764,624
2022-02-21 17:00:17-05:00,11756,Hqzz5RdbkkmMPCVdxF3Q3sLuh7XVJHEwAP6zpz7pCwTj,TNwXSETgrJGM9S5zbBY3mMWKbPFskbKjPAhBrWFNfuK,True,79525,19881,123,61,62,HfEnetJ7uBSmZWCjBNxdvv9HEC5nsW4wDV7wu6WnhWan,4953,93918,-88965,622
2022-02-21 17:00:17-05:00,11757,43EtYHdVkdBxHTtFR3QWVgvCKj1SqsAf7xLY2yphsv1x,8WJbP4mVJWYuN1dVzHpRg7YR2nBELB4Krkq8Zch8sp4g,True,108785,27196,169,84,85,HfEnetJ7uBSmZWCjBNxdvv9HEC5nsW4wDV7wu6WnhWan,6764,120370,-113606,621
2022-02-21 17:00:17-05:00,11758,446VESPwhh16pG3VcpgraT83MoqWy87qgU36mKZC8BsW,SmUPkPpnnRfSH3tcKUnbpK6HHNJtLfvMiUWk9eUwkNy,True,3675794,918948,5712,2856,2856,HfEnetJ7uBSmZWCjBNxdvv9HEC5nsW4wDV7wu6WnhWan,228512,4212744,-3984232,621
2022-02-21 17:00:17-05:00,11759,95urWGJ4HN1bTarbDi8Dpj4K4ms7dovs8gwaYdaSLC6e,2THhqxjhXjp2Zui9ML2MzAbGN4dsfa3dkdqzC8LYhnbQ,True,130181,32545,202,101,101,HfEnetJ7uBSmZWCjBNxdvv9HEC5nsW4wDV7wu6WnhWan,8092,149677,-141585,621
2022-02-21 17:00:17-05:00,11760,73PpLzJmAimmqtjGpRcYHua8t6wx3gYiiXFvQxnSDMJV,CRCpLcS8LNKX22co94spJBXEes9Fnh5rYBvbVEte4JXA,True,10441020,2610255,16145,8072,8073,3zqXX6kzhkbW3d4TwD2CNjMRwxTbREXySekvq37kfCNk,645800,11128107,-10482307,618
2022-02-21 17:00:17-05:00,11761,Bt37YbHvD2M8zcGmanksKy8MCi4Qzto7hEnGRJyNvWyg,4WGRnDhpoY4zJi74iJyALasETpJNJMCJtf9aWJUVrHQv,True,113538594,28384648,177166,88583,88583,3zqXX6kzhkbW3d4TwD2CNjMRwxTbREXySekvq37kfCNk,7086659,76462498,-69375839,624
2022-02-21 17:00:17-05:00,11762,Fw2e6jxKVeFcJSe9MyVhSz3dUdJQLs3XULHrT1mtMU9U,591U5bexgLRJXygtK5fpCRXcZEq89KgewFTdfPkti8bY,True,10525990,2631497,16419,8209,8210,HfEnetJ7uBSmZWCjBNxdvv9HEC5nsW4wDV7wu6WnhWan,656795,11222807,-10566012,623
2022-02-21 17:00:17-05:00,11763,5zCfNUARbvDrkdkf8rKNnf6D7HXn7Wz6D61jQGTGpw3N,6T76MLTxS5vnRuodEgADt3iXMx8WUFLQzoyKh7f2uPFy,True,161045700,40261425,252015,126007,126008,3zqXX6kzhkbW3d4TwD2CNjMRwxTbREXySekvq37kfCNk,10080617,109179815,-99099198,625
2022-02-21 17:00:17-05:00,11764,4nhdidD6SASYzwZ7mUnWKyP4xyWXhdBe2gp5F4qDtLrL,HLk6YPhVidsn3i8HfoASvoim1ztxb4bi8JnioiyvorpV,True,499616,124904,773,386,387,2BPYaeCXY4BCFSGFSfiGtqmhzJ4fkhYLxGjqFvLCB6hG,30959,576564,-545605,619
2022-02-21 17:00:18-05:00,11765,DD1a8rMoUCwmEiLKRN43VpdqL8Qgfr5yi92ejQxDVRMo,3vMJVNAuyRhM9jkaEZARhwbR6MerR5UmcgoZ9c5bs1VS,True,1626973,406743,2529,1264,1265,HfEnetJ7uBSmZWCjBNxdvv9HEC5nsW4wDV7wu6WnhWan,101170,1929587,-1828417,621
2022-02-21 17:00:18-05:00,11766,28YQqynu5oRud5xEcsDvAaGhJhgpiVJSTNeMwkrbpbyv,9zYqRWiRatbohCdBfV3PrAxp8v1kwgbvV9ta4RJRRp68,True,3622639,905659,5626,2813,2813,2BPYaeCXY4BCFSGFSfiGtqmhzJ4fkhYLxGjqFvLCB6hG,225064,4153171,-3928107,621
2022-02-21 17:00:18-05:00,11767,5FgPU7KpsDnx4Xc1UdQoLPR7MDd5cBkJXW2Q8ctopMZR,9GWzAZFVfTY8WjTYvDAE2YcAjgeKiDXgToK76KBZF7Rv,True,117561,29390,182,91,91,HfEnetJ7uBSmZWCjBNxdvv9HEC5nsW4wDV7wu6WnhWan,7310,134976,-127666,621
2022-02-21 17:00:18-05:00,11768,C1tcxAjMzZaFVcF2ke2nSyiCjcLBwsz5yKXShy5MB14h,GYkrJj2zHVZuzPC45MbuevYkRJHdeL4Sqj9SWqZfUdiE,True,4651781,1162945,7223,3611,3612,HfEnetJ7uBSmZWCjBNxdvv9HEC5nsW4wDV7wu6WnhWan,288950,5313605,-5024655,621
2022-02-21 17:00:18-05:00,11769,HZSJVNb6g4o52N7pAJCLkGjur8evF5Ex1sAx7uUxUDdm,8LQHKhXStrwcd6f4AxaTVcrGdYpGjQz8vWf5JXsAzcsp,True,102237,25559,159,79,80,HfEnetJ7uBSmZWCjBNxdvv9HEC5nsW4wDV7wu6WnhWan,6361,121385,-115024,622
2022-02-21 17:00:18-05:00,11770,E8iuHK2DErFnMAYfWmNoix4jVb4WDG8Sc41hBycLUxbd,77Zoru23JmnK5EJ8eURonQoEpJcLP4edabjD8MR8NKdX,True,1378836,344709,2135,1067,1068,2BPYaeCXY4BCFSGFSfiGtqmhzJ4fkhYLxGjqFvLCB6hG,85439,1636159,-1550720,619
2022-02-21 17:00:18-05:00,11771,4eaXYcx5ayhTq9TmmQFgLDjy6p3z93txUN97v8PTSh1J,J3vgUnjDUy5ngrmrs6FwpZTexxJNxXM1UjsHvsgw9g9y,True,88935,22233,138,69,69,2BPYaeCXY4BCFSGFSfiGtqmhzJ4fkhYLxGjqFvLCB6hG,5526,105370,-99844,621
2022-02-21 17:00:18-05:00,11772,8xjstKJD2RopRxxRP8JbMYRmpBKgSZivMFRXXRZ5syPh,HUfevkvBsm5SDpxnZ4NBD8Re7LvqBQLrx5UWXCeYTBgK,True,131711,32927,205,102,103,2BPYaeCXY4BCFSGFSfiGtqmhzJ4fkhYLxGjqFvLCB6hG,8204,151396,-143192,622
2022-02-21 17:00:19-05:00,11773,HpRYrL8HzCPaBJTLFgZmYg2aXBnBQUpf1mikVkzkY56z,8DzHRd8qWcEjnX6cefwYtgRGpQJUaw9QPjyfAsN7j33r,True,907169,226792,1415,707,708,HfEnetJ7uBSmZWCjBNxdvv9HEC5nsW4wDV7wu6WnhWan,56613,1049843,-993230,624
2022-02-21 17:00:19-05:00,11774,8GdYhwX26GRmVfGFCbJ3MJrH1UdneN2FNRUexhLsqprN,DpUTHSVucDPyCWoLCdpm8EFRZFiKL88tmnSiWG2TRpS8,True,79757,19939,124,62,62,HfEnetJ7uBSmZWCjBNxdvv9HEC5nsW4wDV7wu6WnhWan,4992,94160,-89168,625
2022-02-21 17:00:19-05:00,11775,9T6bCVf7AshQP1NNbsF3eCdbChKbcfrFUPFWUXRijY5M,4ZFq3kdwaUhiotXCXzDFjVCAP3udzGsx5CicgLLXd4PR,True,49927642,12481910,77798,38899,38899,HfEnetJ7uBSmZWCjBNxdvv9HEC5nsW4wDV7wu6WnhWan,3111932,33666254,-30554322,623
2022-02-21 17:00:19-05:00,11776,9wsQcvpqPp8c9q42RntWDNbqNCnmJeW4GMG2AtKAHkBu,EMqRbzGvXTU1LtmoSw9uSrpTX2L4tpJQAMJJJ4duvzf5,True,12620706,3155176,19610,9805,9805,3zqXX6kzhkbW3d4TwD2CNjMRwxTbREXySekvq37kfCNk,784427,8517424,-7732997,621
2022-02-21 17:00:19-05:00,11777,CEtpqFD4BbeiNfaXyLLYEapY2mWgE26H5q6H34tWwRuD,BVqRyqwGFPzSkk1H2finiyfaL3LScbEiQGk3mihirxqs,True,65498,16374,102,51,51,HfEnetJ7uBSmZWCjBNxdvv9HEC5nsW4wDV7wu6WnhWan,4085,76501,-72416,623
2022-02-21 17:00:20-05:00,11778,4yhW5mBsFVNgQ5QQc2Yg65guctPsTSXcERbzmYM6rdnL,5uJnMZ6DWA9bMSvHvS5zomwtt1sv7YCWq3GDJh77YC3q,True,87466,21866,136,68,68,3zqXX6kzhkbW3d4TwD2CNjMRwxTbREXySekvq37kfCNk,5449,103990,-98541,622
2022-02-21 17:00:21-05:00,11779,GcjcaWoMUcGkLaJBx3svxtzwGNn5SLcFrwaLqnpadUZY,Ep9sDjTMMasVjKdshsE88uk3mWYkKuMTVRooVJWvCq9F,True,1351954,337988,2104,1052,1052,HfEnetJ7uBSmZWCjBNxdvv9HEC5nsW4wDV7wu6WnhWan,84167,1602916,-1518749,622
2022-02-21 17:00:21-05:00,11780,EmXaq1sxmAZUiwYW6LXpKtKFZXu5MzQ3sK4MEAojDK1h,HuAsa5G2wJi8Ah9stxEmggwcB5zW1QjBsP3Ndgke7r8X,True,119049,29762,185,92,93,HfEnetJ7uBSmZWCjBNxdvv9HEC5nsW4wDV7wu6WnhWan,7424,140848,-133424,623
2022-02-21 17:00:25-05:00,11781,9rgrRAMcGSarfz8xXckw1LjkemMwwjzJLApPjpfY2XZ3,BRtNdDDtCiNDYDERZTBCefUiYvjShucRX1hxEBLyeggT,True,70192,17548,108,54,54,3zqXX6kzhkbW3d4TwD2CNjMRwxTbREXySekvq37kfCNk,4331,83274,-78943,617
2022-02-21 17:00:25-05:00,11782,EbScW49FqTmK83BKPFVZWdrJ4XAfoATRT7bbZQZC1anL,3tfG6ocjfFsr7u53NRhcnhNvRqRbmyEa5t37rMhtLyY1,True,2463159585,615789896,3833291,1916645,1916646,HfEnetJ7uBSmZWCjBNxdvv9HEC5nsW4wDV7wu6WnhWan,153331676,1017447038,-864115362,622
2022-02-21 17:00:33-05:00,11783,2FEbsetZMkRqLjSC8GBbgecKgX5T1T1fci2sLQux29p8,H722Fcd6DkTFRZxqQWbPDufBfXEgmFfhiEpQZWhxwYv1,True,1651,412,2,1,1,HfEnetJ7uBSmZWCjBNxdvv9HEC5nsW4wDV7wu6WnhWan,103,1847,-1744,623
2022-02-21 17:00:58-05:00,11784,EkKmfEnxTscSs2BDs1mg6SyHdStC8AYTy9zihw9VWP63,DW4ujEZj4H83B9CrSfbks2pkHEj3gh2d114eo1aDh4s9,True,528502948,132125737,820421,410210,410211,3zqXX6kzhkbW3d4TwD2CNjMRwxTbREXySekvq37kfCNk,32816844,110273896,-77457052,620
2022-02-21 17:01:11-05:00,11785,2AAWghW6BUAFBtF3R6hB9uoqMc5oUDkU8FTd2JrXKema,798cfEUZ2YhXwNTNjXMS4Z2J8gAHaK4zZwpMkq2HzWWM,True,478258110,119564527,745192,372596,372596,3zqXX6kzhkbW3d4TwD2CNjMRwxTbREXySekvq37kfCNk,29807710,389925353,-360117643,623
2022-02-21 17:01:13-05:00,11786,8YMEydGnQH9W5AEXFGquFkb1bcf3PcxiMvYBSMPXKJyQ,3CmWH8eYtkmHNisqMmMBLff6C6z6ZcSj38KoQ34DPUE7,True,69697,17424,108,54,54,HfEnetJ7uBSmZWCjBNxdvv9HEC5nsW4wDV7wu6WnhWan,4321,77277,-72956,619
2022-02-21 17:01:13-05:00,11787,73Wkg27usHy8knWENTmb9zbikugYh93JvBB2bF855vZ2,J9WaUA7r8ct4ZG8o8ATZjvHUPuCYqY42aTsr9xveW5BX,True,93213048,23303262,145316,72658,72658,HfEnetJ7uBSmZWCjBNxdvv9HEC5nsW4wDV7wu6WnhWan,5812676,135077116,-129264440,623
2022-02-21 17:01:13-05:00,11788,8GhXRNmsEgFgKPhGNNgEPUywVzW3bE7uZRWys2P1yNeJ,Bvi5vD5fhRFNdVhEXsSv9vkJzyQzgEswFHBxowkUEgF,True,768027,192006,1196,598,598,HfEnetJ7uBSmZWCjBNxdvv9HEC5nsW4wDV7wu6WnhWan,47851,901496,-853645,623
2022-02-21 17:01:13-05:00,11789,6kt64nJRnYaWMi9GbpZaUuhbToAVRd7FUMTGASAAJrve,2Sdxv9ZtogNcVbJwBPxKmVjwAiKyX5GHEfnRmFcydQ1G,True,10336294,2584073,16076,8038,8038,HfEnetJ7uBSmZWCjBNxdvv9HEC5nsW4wDV7wu6WnhWan,643072,11052005,-10408933,622
2022-02-21 17:01:13-05:00,11790,HxhVxMpFpKzeuC6Z6CpsuUhPHdHUzvpMNYJ8LpQ3NYCp,8KyiipC39iU15zVErVvj6hdhbv89STsexrB8dVw3RcLs,True,93287,23321,145,72,73,HfEnetJ7uBSmZWCjBNxdvv9HEC5nsW4wDV7wu6WnhWan,5815,110666,-104851,623
2022-02-21 17:01:15-05:00,11791,Gfe4UgUGqvzcehSbETrWwLRAcqzFnkTrs6vJx8h6kTxi,7exMQ8sLti4Pmb2ZQtZhyuWRuQ6pq7XSXL9sCcWTqCvF,True,7224593,1806148,11269,5634,5635,2BPYaeCXY4BCFSGFSfiGtqmhzJ4fkhYLxGjqFvLCB6hG,450799,8421881,-7971082,623
2022-02-21 17:27:20-05:00,11792,5BJnMHFSiQjHRGFJDW1jnqCfkHHYWnQzmmccy9eA4jNj,9517JGYsPmvgPUM9pFRD2vipHmdgE578F7jA7Qq6jorm,True,2322387,580596,3620,1810,1810,HfEnetJ7uBSmZWCjBNxdvv9HEC5nsW4wDV7wu6WnhWan,144812,1414019,-1269207,623
2022-02-21 17:27:41-05:00,11793,9Ngb4UJjvSm9zbTN4RYRFWBzTPVWQh7C2hFiDvwPsDBd,EamTKaoTYJo9RUMQC7MjS1HJrVPYipR2cv6nYpgBLnPr,True,67475014,16868753,105238,52619,52619,3zqXX6kzhkbW3d4TwD2CNjMRwxTbREXySekvq37kfCNk,4209552,35297910,-31088358,623
2022-02-21 17:27:44-05:00,11794,CYcgATWjZUXrqxJyVTEMkDBv1eyUjb1TZi2raTd1ujvU,7jefj3noz9JDDnJ74YZL946EPJtywSnPsi7ZpgU4Wj1G,True,28731562,7182890,44538,22269,22269,2BPYaeCXY4BCFSGFSfiGtqmhzJ4fkhYLxGjqFvLCB6hG,1781559,12423727,-10642168,620
2022-02-21 17:27:46-05:00,11795,AECUZGm5DjFvbLZEUYhepSPg1Wa7hBjxF9e7ZRBzRPhm,Ar7e1iLKAqa54QiQnXifvnETixDZT1T8KL5YWJA8Ykv1,True,107867,26966,167,83,84,2BPYaeCXY4BCFSGFSfiGtqmhzJ4fkhYLxGjqFvLCB6hG,6700,127539,-120839,621
2022-02-21 17:27:46-05:00,11796,4cNmhgaMic1xBiaDJ6phrQuXmm8WfF1qjyYMqZcKG4c9,43vgfXiLTtcs1bkrcDar2iz9M6RMbGqbA6BMkBHdh7T4,True,83447,20861,129,64,65,HfEnetJ7uBSmZWCjBNxdvv9HEC5nsW4wDV7wu6WnhWan,5169,99555,-94386,619
2022-02-21 17:27:46-05:00,11797,FSjUzAuFJJDeBerdVPJbWjTyD47GpJRat2h1eCUD1HPH,GT4MarSodCNayJqgVEYMkJQjRvCYYb7S8WJoSaLC144U,True,86563724,21640931,135241,67620,67621,3zqXX6kzhkbW3d4TwD2CNjMRwxTbREXySekvq37kfCNk,5409657,24033754,-18624097,624
2022-02-21 17:27:48-05:00,11798,68F35fonSGS1P6LMYmAmeoM8kC6Z78NabMqYLeCZr9GJ,8apmWSZdS8s1ScoNVj4AvSJsbQCj1drU3HL74khuANT2,True,94683,23670,147,73,74,HfEnetJ7uBSmZWCjBNxdvv9HEC5nsW4wDV7wu6WnhWan,5897,112069,-106172,622
2022-02-21 17:27:49-05:00,11799,9WRDBHzD4aNHw5qvrhc6nqXCBLA5D7YYP8TvSrLksXd6,GwxWNmv9XDkqQsx7DfCMccFjVik8asPnFU9gtnb4UVx,True,68893,17223,107,53,54,HfEnetJ7uBSmZWCjBNxdvv9HEC5nsW4wDV7wu6WnhWan,4297,81645,-77348,623
2022-02-21 17:27:49-05:00,11800,CygwJ5Z1ZP6xfjN1ZGH7yw8b2oYvf6JTpenXx7A5yFdt,59VKgJtBCTb3Pji7BWtqttisBYVVCnWtyEn5Eba5r52Y,True,1547060,386765,2397,1198,1199,HfEnetJ7uBSmZWCjBNxdvv9HEC5nsW4wDV7wu6WnhWan,95893,1716160,-1620267,619
2022-02-21 17:27:49-05:00,11801,3R2wxFQwjCqUwwxJmp9tNrT6osYFpB5gczq2QYik6QYm,7At5Ej3ZsynfWr56FYrd4P4Y6UtD8FHA4gCFB8TaAyaG,True,89064,22266,138,69,69,HfEnetJ7uBSmZWCjBNxdvv9HEC5nsW4wDV7wu6WnhWan,5549,105541,-99992,623
2022-02-21 17:27:49-05:00,11802,7afnF1MkAootZGWc7zsMVLpBuve83hGmvAHkfmwgsq5A,HKdJE8bReznq1Qxqd5iZ4nWQGCk62Vo5TpkRD51bpbGp,True,91424,22856,142,71,71,HfEnetJ7uBSmZWCjBNxdvv9HEC5nsW4wDV7wu6WnhWan,5695,108321,-102626,622
2022-02-21 17:27:49-05:00,11803,2DHhfXSzcuSwsKfAYLMuWuD17w84mCwNer9fcBNLTpSc,89BVfDycKjdSkQzFVqCXd5c16DntdND7WsqoZtCafYFH,True,4260155,1065038,6632,3316,3316,HfEnetJ7uBSmZWCjBNxdvv9HEC5nsW4wDV7wu6WnhWan,265287,4913312,-4648025,622
2022-02-21 17:27:49-05:00,11804,45AiuRBbmupfwYXqsWwKHtmEWN8XNJDUSHwHL3b6PvHc,CfvwVkxYPP3jqK2dpAvSRFA1513E9ti84mEpYgtkzFUt,True,151373,37843,235,117,118,HfEnetJ7uBSmZWCjBNxdvv9HEC5nsW4wDV7wu6WnhWan,9431,173617,-164186,623
2022-02-21 17:27:49-05:00,11805,69byqtDPmgEY1NqKBCR95CEPVHRUxgbNW9Y4P4HjQ7ND,E47T4q4zMGzNL6vDxgWdLn3EQbW3WfVryr8Jsymy1hAL,True,147025,36756,230,115,115,HfEnetJ7uBSmZWCjBNxdvv9HEC5nsW4wDV7wu6WnhWan,9200,159452,-150252,625
2022-02-21 17:28:52-05:00,11806,CiomzdJ9g2bCskudk28cEU4aTgF6jYaerkiazbB7E3DA,9rxtTBmKoxPzhR4xoRH65Kmi7f3pEp1RanoeQq9V9RU5,True,101866555,25466638,159291,79645,79646,3zqXX6kzhkbW3d4TwD2CNjMRwxTbREXySekvq37kfCNk,6371666,36875227,-30503561,625
2022-02-21 18:13:23-05:00,11807,4Mh9nzgwwnxWJLCNBC9Ntep2Lww6nUoALg6jmC6WoeSz,2sPBsXbpKB9QNQzAMipDMkvAVRE8hQk7vq1oc57kFBkn,True,26492936,6623233,41351,20675,20676,HfEnetJ7uBSmZWCjBNxdvv9HEC5nsW4wDV7wu6WnhWan,1654079,8798422,-7144343,624
2022-02-21 18:13:24-05:00,11808,BMn3FQ6axnUt5K3esCEgoVi8GZAcPCg3YrjcwAFVvTah,HEvRK6CPti7aoTaYExEQAyr9ZyTQ6u4jg5Y2btc7ovdd,True,838241,209560,1300,650,650,2BPYaeCXY4BCFSGFSfiGtqmhzJ4fkhYLxGjqFvLCB6hG,52024,233252,-181228,620
2022-02-21 18:16:45-05:00,11809,Cgga7cjzsiecXRFLLf4jnEaGGwzr6qroh36G7kz3tV2t,AhUKdVt6jf8L2p5DbxkYPMAZUFqpz1uKBgPMUBJqEcnz,True,30131461,7532865,47150,23575,23575,3zqXX6kzhkbW3d4TwD2CNjMRwxTbREXySekvq37kfCNk,1886018,6744557,-4858539,625
2022-02-21 18:18:39-05:00,11810,Ai6G7vosJfmkRqtDAkqxRtbzELp6P5xe9r2RH3LYcLZt,8SUpKXakmhi4rYiFKnHYpgaAopomfDqEX6Efew9iM6nk,True,2952620625,738155156,4618388,2309194,2309194,HfEnetJ7uBSmZWCjBNxdvv9HEC5nsW4wDV7wu6WnhWan,184735523,1001724298,-816988775,625
2022-02-21 18:19:34-05:00,11811,9Wzu7BWPgx9JRwuituo7vxNXVkpRA7C5W62CATnPpy6Q,GYPiAfGtfkMjDKdi6MrM7VXzpSwPnp2qWwwCX4iFGVtq,True,119718055,29929513,186399,93199,93200,3zqXX6kzhkbW3d4TwD2CNjMRwxTbREXySekvq37kfCNk,7455985,85020269,-77564284,622
2022-02-21 18:19:40-05:00,11812,BCGTaPQxGEMjD7xUxwfwmVVYJ9CEGH33yJRi3QjwyiLE,JBct1cZ9a959UKwABBEefwxZnGTAAGLzyUdXrXqGGCZd,True,726686,181671,1136,568,568,HfEnetJ7uBSmZWCjBNxdvv9HEC5nsW4wDV7wu6WnhWan,45472,374805,-329333,625
2022-02-21 18:21:53-05:00,11813,2aK454FrEuA6JQZo2hLUabd4E6wyQtVuJWw2rWz2pGVy,3dJvhEh7kykf8hCCWQRarh2s5ybJUAzbaPdDUmX4XokW,True,29163324,7290831,45545,22772,22773,3zqXX6kzhkbW3d4TwD2CNjMRwxTbREXySekvq37kfCNk,1821839,6698515,-4876676,624
2022-02-21 18:21:55-05:00,11814,HXMjB1tdGJUtjXi5sQon6m4XJjfC6X7pdc6jTXApyjsH,CFcAoXdBVcPW7YYqP5ujq7q94DCsP4dLK2XDSwxQutKy,True,2852576,713144,4461,2230,2231,DddJ7EWCmYEEZETCBNgAUSg81Ls6fZtiAaY5ekJ5sXx1,178445,974773,-796328,625
2022-02-21 18:22:17-05:00,11815,8cRrU1NzNpjL3k2BwjW3VixAcX6VFc29KHr4KZg8cs2Y,6KhaewfwKyT5fkQvfiDqKzGWEPbuP9H5NfxEUXVx14U4,True,162867732,40716932,254418,127209,127209,3zqXX6kzhkbW3d4TwD2CNjMRwxTbREXySekvq37kfCNk,10176752,60497387,-50320635,624
2022-02-21 18:22:18-05:00,11816,BYvjENe16Ta77PqGV7JKEWrsqCTfkMGYwTSG5gXneDvd,EvxAXgvhPC6QkNurbK7vWyTApGo8J2R4EgMAknkHVU3d,True,1056,264,1,0,1,2BPYaeCXY4BCFSGFSfiGtqmhzJ4fkhYLxGjqFvLCB6hG,66,1559,-1493,625
2022-02-21 18:22:25-05:00,11817,6Bq55LtGCEeGqh4JrFLCmmGc2iJfTTBJixivqH78aGSE,DSNrCgWJeNe2P9tAQu5FvCueTzNKDKds7wzuwTQSMRG,True,2346,586,3,1,2,HfEnetJ7uBSmZWCjBNxdvv9HEC5nsW4wDV7wu6WnhWan,146,2599,-2453,622
2022-02-21 18:22:25-05:00,11818,AzLdwyd8Q4V3iMaSwWgvWwQ9nCs7X7YV2YKpd6CH33nP,BYjeXF5YkcJy3mNMbvfHzXTtyjkc4U53hM5tvfERUH8y,True,88512,22128,138,69,69,HfEnetJ7uBSmZWCjBNxdvv9HEC5nsW4wDV7wu6WnhWan,5539,104680,-99141,625
2022-02-21 18:22:25-05:00,11819,HZJyrD4eqM4nKnyRh2JAs1sC2TaJxFhNPixBdK7PLMuS,Hycz71z4tEsKUogJnefT2GN3MPCLdTJdv9B6T82Ngw2u,True,383240,95810,599,299,300,HfEnetJ7uBSmZWCjBNxdvv9HEC5nsW4wDV7wu6WnhWan,23975,457277,-433302,625
2022-02-21 18:22:34-05:00,11820,oTq8BsGLNc2ddcdR7ELnCXgzf4KvtA7REmfbFKo56FT,4PgxGgi2UaB753PFyELQCrJy7phAkYsW4e39J9wGWrcM,True,5592814,1398203,8741,4370,4371,HfEnetJ7uBSmZWCjBNxdvv9HEC5nsW4wDV7wu6WnhWan,349655,10577167,-10227512,625
2022-02-21 18:22:34-05:00,11821,2rLWe1XADCU93guPU6WgSW6x56gYNfif9bm11V93mJnv,BEGhQRm3fgSHeBtk2DYrXEBPKPRvS3sHyTNopmoBJxMs,True,195776893,48944223,305726,152863,152863,DddJ7EWCmYEEZETCBNgAUSg81Ls6fZtiAaY5ekJ5sXx1,12229042,152223938,-139994896,624
2022-02-21 18:22:34-05:00,11822,7Dm3syN4P2mbBLFKyHTrtnSWY4hadGXiKB9EekTdT68S,HF97QS1dqarPMWgNmtcoaq6z3rpJnzAAAfc1PP4FwRhV,True,79181,19795,123,61,62,DddJ7EWCmYEEZETCBNgAUSg81Ls6fZtiAaY5ekJ5sXx1,4951,29001,-24050,625
2022-02-21 18:22:34-05:00,11823,6TvTxJWSPeyaTVm8PmarVDzxhbTqnkyoabQTgihXyGMj,62ngTMHaRDFjpvzasDgfmgyJ5T6jS9PmYgy97HCkyQS4,True,2516838,629209,3929,1964,1965,HfEnetJ7uBSmZWCjBNxdvv9HEC5nsW4wDV7wu6WnhWan,157183,711072,-553889,624
2022-02-21 18:22:34-05:00,11824,6bMu9G5S9o2CSgHegDAymE4UcxrnKH9UfPE5iUmUJ6Aa,ACG6V3LfAH3JtJbBhiumrx7c4QciavNmGWKfBFt7eRz7,True,5518277,1379569,8625,4312,4313,HfEnetJ7uBSmZWCjBNxdvv9HEC5nsW4wDV7wu6WnhWan,345025,2334237,-1989212,625
2022-02-21 18:22:37-05:00,11825,EAUFD16wab8qRMJ4H6updHGt4xFqgRCDeRHVCsLCTSTL,8vkfYSyCyBY9g4TZrp52jUcQj6udy9xAaA4fioRE2RXx,True,53304352,13326088,82396,41198,41198,3zqXX6kzhkbW3d4TwD2CNjMRwxTbREXySekvq37kfCNk,3295872,37551276,-34255404,618
2022-02-21 18:22:37-05:00,11826,6X5por58mMECmNZQEWpo8M8aA1eHJqr5LNeV9vC7GW5e,DPB2C5UB2Ls1kNzbs1GP33junQvhUyFJWP75RoYjqByn,True,4741103,1185275,7307,3653,3654,DddJ7EWCmYEEZETCBNgAUSg81Ls6fZtiAaY5ekJ5sXx1,292300,8711812,-8419512,616
2022-02-21 18:22:38-05:00,11827,G8nRLTWTT5aD7q7TcSa2mw7p12GUuHDVq5ev4vyXbdKi,3DmQyungZMK4T1a1PgXh5shBskwP69tTLmZPh7HZ76vh,True,129980,32495,201,100,101,HfEnetJ7uBSmZWCjBNxdvv9HEC5nsW4wDV7wu6WnhWan,8048,153961,-145913,619
2022-02-21 18:22:40-05:00,11828,9QZvB1Gqhk5PKt3MoJMjZL3FaU2bTbTDcVw3nF316zh7,DGJWGr9RCWkzdWn21mWG7NyUN8uuvSQbA53HojFJe1rH,True,1145046,286261,1767,883,884,3zqXX6kzhkbW3d4TwD2CNjMRwxTbREXySekvq37kfCNk,70709,1309878,-1239169,617
2022-02-21 18:22:41-05:00,11829,ANXYsUNpZ34dBt7cp6HEE7oi2pTKsbj7B5TeFHKPbHBU,2pqeP4fuMREosHcfWUecEBssp1GM4isihNjn7ALUD51d,True,108210,27052,167,83,84,3zqXX6kzhkbW3d4TwD2CNjMRwxTbREXySekvq37kfCNk,6718,128200,-121482,620
2022-02-21 18:22:41-05:00,11830,AiLCB8xw3k5FXdJE1T42PLFhHrz1bLTKpNekR61a915N,HB7CNWxLipWAc6MPGq9wV4TT7AYjiELA5T3onYeVqBbU,True,1787792,446948,2775,1387,1388,DddJ7EWCmYEEZETCBNgAUSg81Ls6fZtiAaY5ekJ5sXx1,111029,2135917,-2024888,621
2022-02-21 18:22:41-05:00,11831,GgAdS7cJ2KDgGE3xDrYAwqEEKqSsmfpEyBxtN4CMsjid,BidFJqkCxq71QWE7k8o4BnQjWQ61p4BT29jHgw4cC7b3,True,32099513,8024878,50088,25044,25044,3zqXX6kzhkbW3d4TwD2CNjMRwxTbREXySekvq37kfCNk,2003542,7396605,-5393063,624
2022-02-21 18:22:41-05:00,11832,8VQ21PFXdHBNmiZiF18LyGvsRSpr13vkyktfembNCe3m,5exbVC7vaGFeHEGAx7epYfMaU932QafqzfhFm5FKAq2H,True,80433,20108,124,62,62,3zqXX6kzhkbW3d4TwD2CNjMRwxTbREXySekvq37kfCNk,4963,95289,-90326,617
2022-02-21 18:22:41-05:00,11833,Dqnxcekm1QfxGQ2FSJ6SjFiwmaQRWEjW9WTJQG4AjEpE,9JiMtjm5AJqngosRg787FiN8NyuBPuAPD2jYpRQkAc1d,True,115826,28956,179,89,90,DddJ7EWCmYEEZETCBNgAUSg81Ls6fZtiAaY5ekJ5sXx1,7195,137304,-130109,621
2022-02-21 18:23:06-05:00,11834,3oCun4gm3k8sXxVxiYM8okGi8iCXH9LvDkHf9PBQWYXR,E1np1dZ7jUm811ddvy1jQerBwGSYb5BbZWnUHeotvrfH,True,274506,68626,429,214,215,HfEnetJ7uBSmZWCjBNxdvv9HEC5nsW4wDV7wu6WnhWan,17182,147394,-130212,625
2022-02-21 18:23:08-05:00,11835,8XcMucCQpWfNtbdCYnKuabk91NQ9wfYp7byk496CwU9n,DLrApDfWcyMqufEFZm9PvddsMoiediT58X8e8pxpnzrk,True,145813,36453,228,114,114,DddJ7EWCmYEEZETCBNgAUSg81Ls6fZtiAaY5ekJ5sXx1,9122,166968,-157846,625
2022-02-21 18:23:08-05:00,11836,Bbd196A866Y9rQWQFt4YGg2R6Jqj7WQGXWPDmrNtPcKf,5gmWk1KwLoRHnhkjxps4Ad6aVk4ZpcfC3McZCWDVCUbu,True,85267,21316,133,66,67,DddJ7EWCmYEEZETCBNgAUSg81Ls6fZtiAaY5ekJ5sXx1,5332,104644,-99312,625
2022-02-21 18:23:08-05:00,11837,DjbEch16uzdDtujFUeqxjquTTS3JXzEys8e9ogUv3aTy,6N8eKb3kfcbJEUZKZERiFiUR4hubB635D8Sotiji2TU8,True,10710445,2677611,16749,8374,8375,HfEnetJ7uBSmZWCjBNxdvv9HEC5nsW4wDV7wu6WnhWan,669989,11497985,-10827996,625
2022-02-21 18:23:08-05:00,11838,AnqmmhzVDCNq4dE4VvYkPDGB9nMXr4ykqvUhwxhR21pd,CcMeofCvvrDaBzgAGzoPwRt5eQmzdB1z2Y6UiwGqhFbG,True,1023944,255986,1599,799,800,HfEnetJ7uBSmZWCjBNxdvv9HEC5nsW4wDV7wu6WnhWan,63977,1473637,-1409660,624
2022-02-21 18:23:08-05:00,11839,4eba4qAmwfqmihaYvTWFU9hm4VYrKvNhNywHNyimQJNK,G1DyxJcNQD8u4KGfnwxttyrJMfse1FBAsofioEMdTS9U,True,551641,137910,850,425,425,HfEnetJ7uBSmZWCjBNxdvv9HEC5nsW4wDV7wu6WnhWan,34038,658269,-624231,617
2022-02-21 18:23:08-05:00,11840,CM95f7KjJuAf1xVTWhu3wrp6BfMz116FbgkxBhcRNs4k,EG55wkH5NcoasfBUYhD5D2dc2uvo11dZ3uTu5wgs4gf2,True,155289,38822,240,120,120,HfEnetJ7uBSmZWCjBNxdvv9HEC5nsW4wDV7wu6WnhWan,9609,177175,-167566,618
2022-02-21 18:23:08-05:00,11841,DENsFT6ZdpY49u447xVXjwxo2Cn3vJXjyvUjoyB8Spoc,C2RSabtDfqwrJEezhPZTzy13bubSuXzaJZmXRJfDmAu3,True,68484994,17121247,107158,53579,53579,3zqXX6kzhkbW3d4TwD2CNjMRwxTbREXySekvq37kfCNk,4286340,17033891,-12747551,625
2022-02-21 18:23:08-05:00,11842,CMVVfXQYALSc58NLD67L8YrJAbDHZ9rFZvYQC7r8Png4,44pytMX14zaEQv6aRQ223CxYB2uTP7VUTQfUY58EkaNB,True,4134162387,1033540596,6394717,3197358,3197359,HfEnetJ7uBSmZWCjBNxdvv9HEC5nsW4wDV7wu6WnhWan,255788680,1122497165,-866708485,618
2022-02-21 18:23:09-05:00,11843,4HDEN1Thxm9RbdE8pXnLP4QksVdXfp7Fa9nAnMRzr7oR,8gD3DbF6VhPTCgk3A4G7iA4f3DPH598Hj7TRJ2FebMCq,True,114703,28675,176,88,88,HfEnetJ7uBSmZWCjBNxdvv9HEC5nsW4wDV7wu6WnhWan,7056,131664,-124608,615
2022-02-21 18:23:09-05:00,11844,D6qMab7uevXTa89ssv4BRyHwrw3FYpNimAmX2VH2uf4B,8ZauZ5dAp7kyawkPdxi4mqfempFHubJebfBenQdDektD,True,48589,12147,74,37,37,HfEnetJ7uBSmZWCjBNxdvv9HEC5nsW4wDV7wu6WnhWan,2986,59835,-56849,614
2022-02-21 18:23:14-05:00,11845,2ZX5NexeuZq25mAfBFDrwd44UfKhWgzmSwdhWFmo48c7,CpNnhSqg7EHn9g84gHoo831sVrAe5SkwNaEZAash4CXs,True,600930,150232,923,461,462,3zqXX6kzhkbW3d4TwD2CNjMRwxTbREXySekvq37kfCNk,36936,718776,-681840,614
2022-02-21 18:23:14-05:00,11846,GM22yjVoBCzgBcVTT5EcgRhVWiXVV82kSj1dPCbegKWj,CDDy8JmJMwJyx1YAvEPpj8AYxCpngRovf3wWfVzao5Rc,True,52484,13121,80,40,40,3zqXX6kzhkbW3d4TwD2CNjMRwxTbREXySekvq37kfCNk,3217,35248,-32031,612
2022-02-21 18:23:14-05:00,11847,Go3ne58krEsFsZ5yu9EBT7od15VCYmtbs1KhumRMTiXS,HCvwQ7HjmmeDXrguZQPrAbJjcCJzHqVZK2JMSFkFDWfe,True,30427,7606,46,23,23,3zqXX6kzhkbW3d4TwD2CNjMRwxTbREXySekvq37kfCNk,1865,37502,-35637,612
2022-02-21 18:23:14-05:00,11848,F5KeSVqcP3C5G7SLQypv4G89gH5eCyoapPDxhyJdhm1L,CCYEZ6ttzu5PxK2yDg26ATDjMWmthLJo6Sbi7iGgExjY,True,51424940,12856235,79889,39944,39945,3zqXX6kzhkbW3d4TwD2CNjMRwxTbREXySekvq37kfCNk,3195595,21843210,-18647615,621
2022-02-21 18:23:15-05:00,11849,FkZhhccPu4gveq1JHW6euEKoS7SC2VBgVPy1B99x9tim,2f5UVLjutRnnVyCD64tPo5XCwhzAEoXU6YCmgNRH6uyk,True,6157,1539,9,4,5,DddJ7EWCmYEEZETCBNgAUSg81Ls6fZtiAaY5ekJ5sXx1,383,7182,-6799,622
2022-02-21 18:23:15-05:00,11850,9hB3EPuj4SrSrpAzHvExDb6mzh2vNGGVbj7qqfRjeao4,9725jRXGPRUuo1dijvv8mwzvSu1ed4y5hi9FAQNwb8dG,True,1508848,377212,2316,1158,1158,3zqXX6kzhkbW3d4TwD2CNjMRwxTbREXySekvq37kfCNk,92668,1790746,-1698078,614
2022-02-21 18:23:15-05:00,11851,6kscNwPWgKoW7MHRkB4ajxWF3DXLmXjmx9KjDnzikhfs,D49nf79UmrALDKnAa5kf94nZUffzJW7anLm4hVrFG2b4,True,2547909,636977,3983,1991,1992,DddJ7EWCmYEEZETCBNgAUSg81Ls6fZtiAaY5ekJ5sXx1,159345,2837538,-2678193,625
2022-02-21 18:23:15-05:00,11852,HRN438yBJSX72GV4E3JYLKpwQcnZXgAoB2VkmgXzEKDE,4jEn7ssEM8ZUjAyaKogEb3uyMmbZJ1a7WGCPNgh1Xfty,True,80043,20010,125,62,63,DddJ7EWCmYEEZETCBNgAUSg81Ls6fZtiAaY5ekJ5sXx1,5006,82645,-77639,625
2022-02-21 18:23:15-05:00,11853,HoJ3Re4BmCYKMJx2RUYtoHfg8ncEy3iFqvWJDGKqfMBV,2qg4FMcurNDVRzXYKwpzEYapxFECnAyU2oGmxQCSf3hf,True,73135,18283,114,57,57,DddJ7EWCmYEEZETCBNgAUSg81Ls6fZtiAaY5ekJ5sXx1,4568,90237,-85669,624
2022-02-21 18:23:18-05:00,11854,SCtptafLHdkTiYC3e9sv853xNnusHLpoMPxTc1zUVC8,2HF9ggN6EbkYGz3Ajj7tB8m5YF3Yj77Vy96DMFSz5C7j,True,412110,103027,632,316,316,HfEnetJ7uBSmZWCjBNxdvv9HEC5nsW4wDV7wu6WnhWan,25318,457748,-432430,614
2022-02-21 18:23:18-05:00,11855,FtF3PVw8YNJseWPMcA2GEuQZ6nni1mq5kYPa2LrSzfkW,4yr1TM2dXrBvLNMpSaoryuGU2P8D3WG1ZCkvVzWFiQRH,True,4880813132,1220203281,7581462,3790731,3790731,3zqXX6kzhkbW3d4TwD2CNjMRwxTbREXySekvq37kfCNk,303258509,1700761790,-1397503281,621
2022-02-21 18:23:21-05:00,11856,6VBYUiLyQXvvsDmq1vh1oJ5VeA89tGgxtkgFfofc372m,35pyoeRA4duKX7njdYny3KffM2xaxuWUZGRUMQJ5iAiu,True,10291252,2572813,16070,8035,8035,HfEnetJ7uBSmZWCjBNxdvv9HEC5nsW4wDV7wu6WnhWan,642839,11071893,-10429054,624
2022-02-21 18:23:24-05:00,11857,HEFpdWLZaiQnjftmXgxs6RNzhH72YiMjortxPkKekkvb,5Q8mmxBgVTijNGrWsnoA3VMArLHZEX5MkaigYXHpgXHE,True,1582368,395591,2475,1237,1238,HfEnetJ7uBSmZWCjBNxdvv9HEC5nsW4wDV7wu6WnhWan,99022,837978,-738956,625
2022-02-21 18:23:27-05:00,11858,CK1SjmBjrW7m1QVZbVZsVZgwEcxw8BTkckkzrZDrDdxW,M6vnBg1TPRhLu7sghkxtf5TkSLw5JhgoDmbGoyEYgR9,True,170369,42592,266,133,133,HfEnetJ7uBSmZWCjBNxdvv9HEC5nsW4wDV7wu6WnhWan,10644,194699,-184055,624
2022-02-21 18:23:28-05:00,11859,CcfycMNGUqZLA6EEqtDdftSbQhTL11SYn3LxQqJ23Xgh,Ce7NW9CpB9qGYLf8XUDW49ERutoxtjZSjs54xrzF1fYN,True,144529,36132,225,112,113,2BPYaeCXY4BCFSGFSfiGtqmhzJ4fkhYLxGjqFvLCB6hG,9038,165767,-156729,625
2022-02-21 18:23:29-05:00,11860,8jyD7TX1Ht3jVpTtSsec2YM7PAFq9kgop6xoRTFLEFUA,A4YQqSqtcz1MLrr5qQAGyNC564GbVJ1P3nD8hFz8XXMa,True,2120950,530237,3223,1611,1612,DddJ7EWCmYEEZETCBNgAUSg81Ls6fZtiAaY5ekJ5sXx1,128938,2563780,-2434842,607
2022-02-21 18:23:30-05:00,11861,3gdApRPkUGEqmLvTYf4WQJCnmTVmiEU2wCQG26QMpqKf,HpP2yxq3KfYByT4q4p2mLaELnPdW6kmEY9EqZaBZuUNR,True,101366,25341,154,77,77,HfEnetJ7uBSmZWCjBNxdvv9HEC5nsW4wDV7wu6WnhWan,6198,115986,-109788,611
2022-02-21 18:23:30-05:00,11862,7DC4vSfzvRkYzhBg9zEgQ3yqpyNDWpDQJjM2vWpP5drW,DbbMNqbVLJsYHdDeo78rjbS4NVGUmWvDXRrT4CtneSC9,True,615760,153940,938,469,469,3zqXX6kzhkbW3d4TwD2CNjMRwxTbREXySekvq37kfCNk,37546,147176,-109630,609
2022-02-21 18:23:31-05:00,11863,GdfY68PQzNyTjnd7Ex4fG7mkmhF2gBnTBMPpyD1Qkh9S,DSGr1DQruEnNrGCCYTEpKmBb71RSwdw9eJHFoYWnCGyS,True,4993136,1248284,7681,3840,3841,HfEnetJ7uBSmZWCjBNxdvv9HEC5nsW4wDV7wu6WnhWan,307257,1986994,-1679737,615
2022-02-21 18:23:32-05:00,11864,BZn1DDE568UHeL2Qniv9EDT1yAAWvPJcTtSw4K4GQx44,CCaroU4YwKvYgibMsRPdEBxeDbzcNC4s5ZthxrhywSm5,True,175516,43879,273,136,137,HfEnetJ7uBSmZWCjBNxdvv9HEC5nsW4wDV7wu6WnhWan,10941,199979,-189038,623
2022-02-21 18:23:32-05:00,11865,BmLG3dPSnL9hL2okZcNVsHgzuWYCrWLdXW8z5Jd2gyvF,HXwhov5Re9b8D4XHULcVSdgBNfbtZ7KMhMRqSTcQTbno,True,227983,56995,356,178,178,2BPYaeCXY4BCFSGFSfiGtqmhzJ4fkhYLxGjqFvLCB6hG,14243,272766,-258523,624
2022-02-21 18:23:32-05:00,11866,ESoDMPSSLWdp6Fr9R6HhJqr7MngDXp37pRXscqT3MY2X,6mEZ1GV1rQPNvuUC8cwsWJ8CMbm4E15MukXUnYrCA96G,True,824994692,206248673,1287993,643996,643997,HfEnetJ7uBSmZWCjBNxdvv9HEC5nsW4wDV7wu6WnhWan,51519733,327745527,-276225794,624
2022-02-21 18:23:32-05:00,11867,DakevNrDK5fAUGkLdrWHrsLZm8hEZBqkzUiwJouaDPPY,73nFhK7cygPgwKveXrdXcQVte8n1z3iBe4nmUVTGfFmv,True,6014647,1503661,9198,4599,4599,2BPYaeCXY4BCFSGFSfiGtqmhzJ4fkhYLxGjqFvLCB6hG,367948,4910891,-4542943,611
2022-02-21 18:23:32-05:00,11868,2YPm4Ex9mNHX4CuNAUjkrXgoLFaZs6r1X6asYYUnvPyj,BatsG1UFq8ryYuFFcdnDyFWFPUV5P6w2VQpRup5oUey5,True,105280,26320,162,81,81,3zqXX6kzhkbW3d4TwD2CNjMRwxTbREXySekvq37kfCNk,6516,121033,-114517,618
2022-02-21 18:23:33-05:00,11869,HUe9LgGBjMeNxGyeCtmXr2XbWVFhHXrvgc2XSqCwN11D,7Z1nR9GgezBXsDX5wW3BBarfMRMZV28rX6MeLRuWtycG,True,1547825,386956,2355,1177,1178,2BPYaeCXY4BCFSGFSfiGtqmhzJ4fkhYLxGjqFvLCB6hG,94236,1713739,-1619503,608
2022-02-21 18:23:33-05:00,11870,APbpwRCB9tfma8yoi8upe633XZBtNwc5zVxXVjLwhg8s,BBwryuZZ8msiSFNmGkh13Wgg1PoSutY2Ftgz8odcxPm4,True,804604,201151,1255,627,628,3zqXX6kzhkbW3d4TwD2CNjMRwxTbREXySekvq37kfCNk,50230,892639,-842409,624
2022-02-21 18:23:33-05:00,11871,GqFbV89UYbQ6aEW1bSvGnnsDtTPQfHPTHzisXPhLnaTC,6X7j3nqmugRyVVw83uSzgiPaemEscc8VdsnPEKDz4fg2,True,71161,17790,110,55,55,2BPYaeCXY4BCFSGFSfiGtqmhzJ4fkhYLxGjqFvLCB6hG,4412,84723,-80311,620
2022-02-21 18:23:34-05:00,11872,9cRx2sGeqENLrNkvzLSnuD161JshSav6pNg9c7pYLi8f,13ryjUoWLejTLDQKh1m69VFD31onMx8yhzCKhqbeU6s6,True,407961,101990,635,317,318,HfEnetJ7uBSmZWCjBNxdvv9HEC5nsW4wDV7wu6WnhWan,25403,472623,-447220,622
2022-02-21 18:23:46-05:00,11873,75NA5QiXEHG4caSB9BpafGZPA9eT9S6MhKTFM6eHjz8H,FmoxAVw2zdG6qbyaXKy6gsvi1XY8ZVbSgUNbjsp9EpVd,True,179718,44929,281,140,141,HfEnetJ7uBSmZWCjBNxdvv9HEC5nsW4wDV7wu6WnhWan,11247,197419,-186172,625
2022-02-21 18:23:48-05:00,11874,57Vsw8jXaaoLriYEkvPAVyq66r4a4zMfLWbDaTBMjFzC,7AVDWUTHa6729UkXgCXASphSmrLvXYGAA9ygTMSqvwvY,True,86039,21509,133,66,67,DddJ7EWCmYEEZETCBNgAUSg81Ls6fZtiAaY5ekJ5sXx1,5345,102058,-96713,621
2022-02-21 18:23:48-05:00,11875,AjWfwwad4vf9c4M2N43AaU6KhLqPL7qXpyXmq22Mw4pX,93FW4JdWdq6eaAzZk9MnrMCCryK4Q5VPnejWQtWvwLc,True,677902,169475,1049,524,525,DddJ7EWCmYEEZETCBNgAUSg81Ls6fZtiAaY5ekJ5sXx1,41990,252205,-210215,619
2022-02-21 18:23:50-05:00,11876,51VhgthsxrRRr2PT5gLnDfL1A3soqwCxA1UzH9vRUGTh,4QCcd7hfsydQ63LH7Lqsp8oVXw7HuKamzQf8VMH6Lgu2,True,134975,33743,210,105,105,HfEnetJ7uBSmZWCjBNxdvv9HEC5nsW4wDV7wu6WnhWan,8428,154516,-146088,624
2022-02-21 18:30:43-05:00,11877,AQr9mVmcXCNQhBVCfx63MwR6c4WqDSC9K2BZqr7N8LCx,CB7TWUaL381ounsLw6neAUaKRxJL9P1HC9uGX5e1Uxod,True,45786272,11446568,71627,35813,35814,3zqXX6kzhkbW3d4TwD2CNjMRwxTbREXySekvq37kfCNk,2865092,17452639,-14587547,625
2022-02-21 18:30:47-05:00,11878,EDSf2w1UyGvbgMuxyoXL58ifR1dviZinnLBYnFmgjcNG,DFenkzbL9SUjs9cSCaHJ1eXK75mHfk3GSPRFs8TSzrFV,True,4121859,1030464,6427,3213,3214,3zqXX6kzhkbW3d4TwD2CNjMRwxTbREXySekvq37kfCNk,257088,2466176,-2209088,623
2022-02-21 18:30:47-05:00,11879,CxePQ6ZEn2NCLYgGegSeFX1PyBuczP9j5v131VQSPh1c,9gPk7qTRb5JHqBXRKp3uZfhA2VjQAJDQHTzYXGLUdAUC,True,156882,39220,244,122,122,2BPYaeCXY4BCFSGFSfiGtqmhzJ4fkhYLxGjqFvLCB6hG,9777,179797,-170020,623
2022-02-21 18:30:49-05:00,11880,Fs8MQLaMyr1Q96HsZivKLY7Kjdeu2ZoB2n3VTZ15KbSn,DREfCs5CTVNUUF8H3hD8CWvtxztiYxoLYh8HUWDecMyZ,True,2720831,680207,4246,2123,2123,2BPYaeCXY4BCFSGFSfiGtqmhzJ4fkhYLxGjqFvLCB6hG,169843,3222169,-3052326,624
2022-02-21 18:30:50-05:00,11881,JDg1bbHkYeznDUtSBLhagRJ45aSzeSF5V8iDRJCay9wL,8n7ic28zq5PjJtRcM7Fcy5vLW2YVXw4EWMK6UAt2zh3V,True,1961699,490424,3058,1529,1529,2BPYaeCXY4BCFSGFSfiGtqmhzJ4fkhYLxGjqFvLCB6hG,122328,2246486,-2124158,623
2022-02-21 18:30:51-05:00,11882,6kZoofhL5S3U8aQU2VW2TDRZdiBYo1e1o8AUSbSttsAy,4zUpycP3EDmXrC1qjmnHuymGVoBjXQT6yAkvKGW9Gext,True,76226316,19056579,119165,59582,59583,3zqXX6kzhkbW3d4TwD2CNjMRwxTbREXySekvq37kfCNk,4766605,23406137,-18639532,625
2022-02-21 18:30:52-05:00,11883,4hyYkR4vX3HuybAHHKyLgfseU7qBB5r5xYZ3Ye4ssNaM,8EKhsSKPiaueXNNgPqpyNkAy64bVYaRqiJE1CdryT9wW,True,23182042,5795510,35979,17989,17990,3zqXX6kzhkbW3d4TwD2CNjMRwxTbREXySekvq37kfCNk,1439187,6376546,-4937359,620
2022-02-21 18:30:53-05:00,11884,yWK6vFZq58uYYiHscQTPSBqTDrWEW1SVbqe8NszoTEN,6H1zT5ifGaMKjdvZmptuDYf4Vou7tntdZQPVzQ4hWyjg,True,2133196,533299,3302,1651,1651,3zqXX6kzhkbW3d4TwD2CNjMRwxTbREXySekvq37kfCNk,132099,1502362,-1370263,619
2022-02-21 18:30:53-05:00,11885,68qWTKE41JPQMbF7zwqoELSVn2XbjcUMA4UTfER4fcz6,HrDYnhxX1Gm72Kq9H9k44xUfxqELLkC2yoEkkR3LEEHM,True,53172133,13293033,83179,41589,41590,3zqXX6kzhkbW3d4TwD2CNjMRwxTbREXySekvq37kfCNk,3327174,36958316,-33631142,625
2022-02-21 18:30:54-05:00,11886,9XHC2Ycm9f56cDYxRPVKYiYWGKA4y7Utpv3e9gpMsZq3,HpqAdpkzWqoJUNqmHEnn4PZwSB6C6jt8FJZQtZtFqXWA,True,773439,193359,1202,601,601,3zqXX6kzhkbW3d4TwD2CNjMRwxTbREXySekvq37kfCNk,48092,858319,-810227,621
2022-02-21 18:30:56-05:00,11887,52hhBAuVyifMNFKGQmSitc8smiEgscXQMzVuZj55j7E5,6B5DBJx9NLytR3fkrYqe5W5ek4rUWsR4nPsRTvRfRwzC,True,2895884,723971,4499,2249,2250,3zqXX6kzhkbW3d4TwD2CNjMRwxTbREXySekvq37kfCNk,179999,3432075,-3252076,621
2022-02-21 18:30:56-05:00,11888,7EtGovzHsbD8cKGqq4R5rvKBbncR4Kc7CDkTjof2QBMf,8ShjeNWM2vcvUF9yYztYCHUQfcGsyg2A1LyWiPbQDDvq,True,16800,4200,26,13,13,2BPYaeCXY4BCFSGFSfiGtqmhzJ4fkhYLxGjqFvLCB6hG,1050,19889,-18839,625
2022-02-21 18:30:56-05:00,11889,7A1v7bFDJwxM7XomePFyRh58SMHxrNSkM3fJygd8pQUN,DL9jCFHaM8BXJ5KE1YJHXNCbXgSdRgt18MHhAgC6TNmg,True,210052,52513,327,163,164,2BPYaeCXY4BCFSGFSfiGtqmhzJ4fkhYLxGjqFvLCB6hG,13118,231261,-218143,624
2022-02-21 18:30:57-05:00,11890,3EgUBHBeKWegibDcCsTGaGehnwHYvpMbcPaT1UTbwQ49,Hxd4dsnLD8uHnG7KR7GVmKXBcpN1egMUvoTccPvBcaYA,True,2877046,719261,4462,2231,2231,3zqXX6kzhkbW3d4TwD2CNjMRwxTbREXySekvq37kfCNk,178497,3406967,-3228470,620
2022-02-21 18:30:59-05:00,11891,Gk4mpwDEggypoPjyrZcFDbHT8WBwspC5AbQ5uDgaQufL,GTDi3mKTcw1NfwbYx8s8YCkzqbaJUM8YUwYifNr9sjgH,True,15679295,3919823,24284,12142,12142,2BPYaeCXY4BCFSGFSfiGtqmhzJ4fkhYLxGjqFvLCB6hG,971390,11944398,-10973008,619
2022-02-21 18:31:10-05:00,11892,AeKNHJsY5gWwZZZPvgqZb7TAoS25fQ3pW81QFNeA992E,4ja9TG6tRbQ1xNquFNWdpHWaqdqzbNuZJdu9SyKXB5wV,True,6457852,1614463,10045,5022,5023,2BPYaeCXY4BCFSGFSfiGtqmhzJ4fkhYLxGjqFvLCB6hG,401812,2247263,-1845451,622
2022-02-21 18:31:10-05:00,11893,8d4LtUwpkNSKRUdFbxhbeeaVc8hABhwjUExt3QgEVQbz,BieULGWXC1yEtuK9y27SMo9ApNDo6jLjxs5egr1Ebsda,True,431058,107764,671,335,336,2BPYaeCXY4BCFSGFSfiGtqmhzJ4fkhYLxGjqFvLCB6hG,26840,524741,-497901,622
2022-02-21 18:31:12-05:00,11894,HfwGSiwGiyDFaTS2usYRp82zSmPPQqZukbw2d1BuFs5w,ArtgZbmA33k8Y3EfR6oMJiqT72MUrVBQqifPBdcnrzea,True,51985,12996,81,40,41,DddJ7EWCmYEEZETCBNgAUSg81Ls6fZtiAaY5ekJ5sXx1,3244,38512,-35268,624
2022-02-21 18:37:01-05:00,11895,6A96z21JsmrTkrR993G3kmjv4mkaQj3E85HZ2smcyyqz,HSKt8EiWmzgWcLSEiZvFZVQYHinJKVpsJhAzFfRranzf,True,359597848,89899462,562737,281368,281369,3zqXX6kzhkbW3d4TwD2CNjMRwxTbREXySekvq37kfCNk,22509517,98809676,-76300159,625
2022-02-21 18:37:04-05:00,11896,52pCCDDTo6uQhENab7rCsqS5ZihDDBmMSTQdCj8QLoea,GZh4ev3p6RrDRo98WfQQ7ZzzMBbqWF9gj9WbicU7YWD4,True,43731947,10932986,67869,33934,33935,2BPYaeCXY4BCFSGFSfiGtqmhzJ4fkhYLxGjqFvLCB6hG,2714783,15233002,-12518219,620
2022-02-21 18:37:04-05:00,11897,69cFodpUtBD5aVvTrRPR2UvhNovtbt1ujzjrWCMRptzZ,CyoTMUR3tjL4JeuA4Zp4mTzLYHigjrtp1MWtD3iraXVq,True,72121794,18030448,112370,56185,56185,2BPYaeCXY4BCFSGFSfiGtqmhzJ4fkhYLxGjqFvLCB6hG,4494825,18090624,-13595799,623
2022-02-21 18:37:04-05:00,11898,Ew46nMa9TojSd6MHZjJm79LbLKzF2RbheniWUyBHuXvn,FjzRjSD6qiXcwwFXsFfmKGZbfmfZEYPpqrjc4RAX2Tt,True,354550461,88637615,552230,276115,276115,2BPYaeCXY4BCFSGFSfiGtqmhzJ4fkhYLxGjqFvLCB6hG,22089226,113854904,-91765678,623
2022-02-21 18:37:04-05:00,11899,C8EuUJigyRy2ojSuZtDSnc4JxmVqoe5XTr4xaPPmKsyV,6PrUiT94hGcBm2AvkmkrnRnjXkR8WxmtJcvSapde3J1P,True,1158438412,289609603,1796984,898492,898492,3zqXX6kzhkbW3d4TwD2CNjMRwxTbREXySekvq37kfCNk,71879372,2107431003,-2035551631,620
2022-02-21 18:37:04-05:00,11900,3PPCwAjj8GNphb3cRs7kP1QVghEUX6gWUH3M4JarQsTD,28UR4WKAziiJmPwas5E5JrY3WaUrR2NkYYXCKuxPHTMR,True,23216909,5804227,35978,17989,17989,3zqXX6kzhkbW3d4TwD2CNjMRwxTbREXySekvq37kfCNk,1439141,25734131,-24294990,619
2022-02-21 18:37:07-05:00,11901,5cF5fArh7avaBqRfz8XPrBbn7uMfCkdjVrgAaFXdh7bW,3Wur3gBSbyiuhoNiPGEM18ryxoATHCF9vfn6awt739XS,True,64190,16047,98,49,49,DddJ7EWCmYEEZETCBNgAUSg81Ls6fZtiAaY5ekJ5sXx1,3937,21113,-17176,613
2022-02-21 18:37:07-05:00,11902,Bnt8TsEETmyJCABJXeBY2HLsXEyZZWCZT1QpqUErQJ9a,HEvMM7yt9ddj19rnLtK7fXqLUCFEVzA6YQ3w56LJjTLB,True,22359332,5589833,34634,17317,17317,3zqXX6kzhkbW3d4TwD2CNjMRwxTbREXySekvq37kfCNk,1385392,21763034,-20377642,619
2022-02-21 18:37:07-05:00,11903,8HWpccoTmPZ9MsrxtvQ5BV5y8a8WBAB1Sxx2WAiYKRLH,9chtr2Nqg77CCCnjC5JqENmUBNxpDHVH6BG3wojn9gHQ,True,96746,24186,148,74,74,DddJ7EWCmYEEZETCBNgAUSg81Ls6fZtiAaY5ekJ5sXx1,5920,116393,-110473,611
2022-02-21 18:37:09-05:00,11904,FwTGq3BeMLyRFRa5r4E6nySLgoLNcNdqJsCQxA2i6uh6,88w6ti3WSriyu2FvNjVfrLpGyU5PUvaiJyqrAGPM8TKp,True,83243,20810,128,64,64,3zqXX6kzhkbW3d4TwD2CNjMRwxTbREXySekvq37kfCNk,5124,98848,-93724,615
2022-02-21 18:37:11-05:00,11905,6b7Ro2myM4HcUDqyyW9NEqTWPz8BWpH4eNFSQQci37So,7r7j7rSsa6YZcTuRPfs3KP44MVqUA4Q5NeJGmx84wbHq,True,8034,2008,12,6,6,2BPYaeCXY4BCFSGFSfiGtqmhzJ4fkhYLxGjqFvLCB6hG,501,9990,-9489,623
2022-02-21 18:37:11-05:00,11906,2dm92uFR4iRK6BaXt5sGWZiFAFXMUDHphr9ENjrBNDMx,HjUUKnmbvGwAmzVxMecrY4o8EgfWCzvKukCQRzUggvX8,True,676042,169010,1042,521,521,2BPYaeCXY4BCFSGFSfiGtqmhzJ4fkhYLxGjqFvLCB6hG,41713,115672,-73959,617
2022-02-21 18:37:12-05:00,11907,DCkjozrctZPab1pNCaqcQNi9bNoYPiSpSC4H5jgF5oHr,2mtV7geyySRvNLXBF2eewzFUKeJLVikximahH4M6ttjb,True,458260,114565,713,356,357,2BPYaeCXY4BCFSGFSfiGtqmhzJ4fkhYLxGjqFvLCB6hG,28533,132775,-104242,622
2022-02-21 18:37:12-05:00,11908,9bvCk8TP3xSu52mvCGrhL2UtCYvJqXqrU2sEEkqusvqc,FZXwdLW4Gyb6HGCJdTX18FbhPDVU7Hdk88hQrvMu8k4t,True,572253,143063,884,442,442,2BPYaeCXY4BCFSGFSfiGtqmhzJ4fkhYLxGjqFvLCB6hG,35381,95943,-60562,618
2022-02-21 18:37:14-05:00,11909,HQFH65hxhAwbGbP4pSCV4PJj2Ec2cyrk6c8XmShJaHp2,DQ9hhWS4FBCZytmfjdAh3Fo15Vkz9hQ4NRuLXF9Y6XTn,True,2510401,627600,3928,1964,1964,2BPYaeCXY4BCFSGFSfiGtqmhzJ4fkhYLxGjqFvLCB6hG,157133,810797,-653664,625
2022-02-21 18:37:14-05:00,11910,6K4ZBJDMWeKYHHHSouBVGb95qjKPNKyu62ahgMyhaPSS,ErHUBFxH7pTmeVDg3W6RcGQYoXJpcb1HhssGzANWfPmq,True,4077484,1019371,6355,3177,3178,2BPYaeCXY4BCFSGFSfiGtqmhzJ4fkhYLxGjqFvLCB6hG,254220,1514321,-1260101,623
2022-02-21 18:38:53-05:00,11911,Dng7By2saPu5TVxcvXidBe71ggBo8tiHkAXPi4kKL1tk,75ufEJmHbLHffphL7tvAXhGyftKLr1z2PXXoB2GGY5fG,True,2938408,734601,4587,2293,2294,DddJ7EWCmYEEZETCBNgAUSg81Ls6fZtiAaY5ekJ5sXx1,183511,1363913,-1180402,624
2022-02-21 18:41:15-05:00,11912,5BJnMHFSiQjHRGFJDW1jnqCfkHHYWnQzmmccy9eA4jNj,9517JGYsPmvgPUM9pFRD2vipHmdgE578F7jA7Qq6jorm,True,1707621,426905,2669,1334,1335,HfEnetJ7uBSmZWCjBNxdvv9HEC5nsW4wDV7wu6WnhWan,106791,1092867,-986076,625
2022-02-21 18:43:44-05:00,11913,CiomzdJ9g2bCskudk28cEU4aTgF6jYaerkiazbB7E3DA,9rxtTBmKoxPzhR4xoRH65Kmi7f3pEp1RanoeQq9V9RU5,True,74885425,18721356,117191,58595,58596,3zqXX6kzhkbW3d4TwD2CNjMRwxTbREXySekvq37kfCNk,4687672,29080059,-24392387,625
2022-02-21 18:47:09-05:00,11914,Cd9Ve6KzV4wi965kEL74etsebNZBPwpJgFjgDTvmEfkn,E5EFQLWZ7dJ2BpRT7MXdKjnSb1b8WU3eXwC4zKVpshxT,True,3689568,922392,5760,2880,2880,3zqXX6kzhkbW3d4TwD2CNjMRwxTbREXySekvq37kfCNk,230426,1284585,-1054159,624
2022-02-21 18:47:12-05:00,11915,EYt1Pzqfwnd4iXSmcpw4T3Edmm1y3GnRhCjcQEEK4Atj,EHqporfvvfg7UQPsjv5tsgZE8u9yyRuEU2DdLpQeXy85,True,59419424,14854856,92950,46475,46475,3zqXX6kzhkbW3d4TwD2CNjMRwxTbREXySekvq37kfCNk,3718006,30272542,-26554536,625
2022-02-21 18:47:14-05:00,11916,23FjS7S6hwPkaBsziThnqwAqy3dZvDYvNLdCKfxp7Jr4,CpGixAiKhjCWJ8tD8hWxuSUeU7mQeoZU5TVdqsAEMvLQ,True,6157138,1539284,9581,4790,4791,HfEnetJ7uBSmZWCjBNxdvv9HEC5nsW4wDV7wu6WnhWan,383241,10442804,-10059563,622
2022-02-21 18:47:15-05:00,11917,53tYUt45c6PxePsJATHbxxbFWbwdCuALHZ3XN78GkeqK,7Z2E7hoXSEbks1CHEjeKhiB9wtgkdG2YQhiVXbFAqRz9,True,349091370,87272842,541229,270614,270615,3zqXX6kzhkbW3d4TwD2CNjMRwxTbREXySekvq37kfCNk,21649170,96136757,-74487587,620
2022-02-21 18:47:15-05:00,11918,4oop1mjCh1Ao9NoWAUacAGc75GxiRTXr8KJ3NtzZ7btf,BfntjUunXBhnrKmocQ7pZr3wwxruRGudMyWQYC2MUhei,True,270325,67581,412,206,206,2BPYaeCXY4BCFSGFSfiGtqmhzJ4fkhYLxGjqFvLCB6hG,16507,316306,-299799,610
2022-02-21 18:47:16-05:00,11919,HukFwJRwbT4R5P1YBDg61HphUfBHLiiawpvwf7C8VYzR,ATQqXSEQcZJL1hjfbQZ2ihUuRbxG6fJppJhv7ycWEhPd,True,130974083,32743520,204553,102276,102277,3zqXX6kzhkbW3d4TwD2CNjMRwxTbREXySekvq37kfCNk,8182126,121560445,-113378319,624
2022-02-21 18:47:16-05:00,11920,EBpxGcrs4eWAbBU5rEjFxbr24MjUstZQRMV9jK4q8kMp,EYVd6pztEuz8PC7rUnJ1AjVZ81WWpynyn2qEKtveqrHG,True,114589,28647,176,88,88,HfEnetJ7uBSmZWCjBNxdvv9HEC5nsW4wDV7wu6WnhWan,7067,136321,-129254,616
2022-02-21 18:47:16-05:00,11921,AyvbTEsXMsth6rasuUckA7c5Sj1ddRi2hkAyxZsABbfw,B5Y7cDBh6tNWzSgrdqukc5NNaKDjzsdWxPgZhjuQrQnK,True,34898714,8724678,54577,27288,27289,HfEnetJ7uBSmZWCjBNxdvv9HEC5nsW4wDV7wu6WnhWan,2183112,8526921,-6343809,625
2022-02-21 18:47:20-05:00,11922,22JE5fm9AfMDb7trY9333TRh4PyNmP7VjvvJM4R8XeE7,GR8Q26CoBKMSkodvKEqEEyY7eLssMc7PWDMAmBo1zfcw,True,572735,143183,892,446,446,HfEnetJ7uBSmZWCjBNxdvv9HEC5nsW4wDV7wu6WnhWan,35710,164696,-128986,623
2022-02-21 18:47:20-05:00,11923,7rq3F5ZQXc991M4SCSqvhYKL2SsPT1DKjBBUoxovYt1e,BwzUY6Tyc5TnBfSajK9WeyjGVqVj6Lup73vd88dSc1vh,True,5704280,1426070,8835,4417,4418,2BPYaeCXY4BCFSGFSfiGtqmhzJ4fkhYLxGjqFvLCB6hG,353428,3130193,-2776765,619
2022-02-21 18:51:21-05:00,11924,9Wzu7BWPgx9JRwuituo7vxNXVkpRA7C5W62CATnPpy6Q,GYPiAfGtfkMjDKdi6MrM7VXzpSwPnp2qWwwCX4iFGVtq,True,88016995,22004248,137450,68725,68725,3zqXX6kzhkbW3d4TwD2CNjMRwxTbREXySekvq37kfCNk,5498039,65443192,-59945153,624
2022-02-21 18:51:26-05:00,11925,BMn3FQ6axnUt5K3esCEgoVi8GZAcPCg3YrjcwAFVvTah,HEvRK6CPti7aoTaYExEQAyr9ZyTQ6u4jg5Y2btc7ovdd,True,616511,154127,963,481,482,HfEnetJ7uBSmZWCjBNxdvv9HEC5nsW4wDV7wu6WnhWan,38554,186646,-148092,625
2022-02-21 18:51:29-05:00,11926,BCGTaPQxGEMjD7xUxwfwmVVYJ9CEGH33yJRi3QjwyiLE,JBct1cZ9a959UKwABBEefwxZnGTAAGLzyUdXrXqGGCZd,True,534093,133523,835,417,418,HfEnetJ7uBSmZWCjBNxdvv9HEC5nsW4wDV7wu6WnhWan,33414,291337,-257923,625
2022-02-21 18:52:09-05:00,11927,2rLWe1XADCU93guPU6WgSW6x56gYNfif9bm11V93mJnv,BEGhQRm3fgSHeBtk2DYrXEBPKPRvS3sHyTNopmoBJxMs,True,143902943,35975735,224839,112419,112420,2BPYaeCXY4BCFSGFSfiGtqmhzJ4fkhYLxGjqFvLCB6hG,8993589,116920582,-107926993,624
2022-02-21 18:52:09-05:00,11928,9Digi4Kx7aL6pZ1UytgVhobDVSj5ME66zFPL41DC2byC,8NyLbYQR5mhHBuL78Xr8RhRMnfc9yjkZPbZifgB8xmxP,True,3133753,783438,4902,2451,2451,HfEnetJ7uBSmZWCjBNxdvv9HEC5nsW4wDV7wu6WnhWan,196094,3397294,-3201200,625
2022-02-21 18:52:11-05:00,11929,5y8ZSWUnrm4B3emh7vLQKTh89vHtCvXqUhk7fJBA52is,Bu1AoKU2QQWpGH54ZzugvvACB3E1d3VvymnegNmTgHqg,True,1836202,459050,2871,1435,1436,HfEnetJ7uBSmZWCjBNxdvv9HEC5nsW4wDV7wu6WnhWan,114860,2198236,-2083376,625
2022-02-21 18:52:22-05:00,11930,4Mh9nzgwwnxWJLCNBC9Ntep2Lww6nUoALg6jmC6WoeSz,2sPBsXbpKB9QNQzAMipDMkvAVRE8hQk7vq1oc57kFBkn,True,19474584,4868645,30466,15233,15233,3zqXX6kzhkbW3d4TwD2CNjMRwxTbREXySekvq37kfCNk,1218671,6970993,-5752322,625
2022-02-21 18:52:35-05:00,11931,FtF3PVw8YNJseWPMcA2GEuQZ6nni1mq5kYPa2LrSzfkW,4yr1TM2dXrBvLNMpSaoryuGU2P8D3WG1ZCkvVzWFiQRH,True,3589538581,897384644,5615144,2807572,2807572,HfEnetJ7uBSmZWCjBNxdvv9HEC5nsW4wDV7wu6WnhWan,224605777,1344284986,-1119679209,625
2022-02-21 18:52:37-05:00,11932,BZxJ6CtrVoiU86DMMieMeDFLNWtMpHGTvZfM7nyay6o4,6CRxRR8bisRLHFJBFWjyumYuy7j4C4PkjYH1K8gXhdWD,True,48670313,12167578,76070,38035,38035,3zqXX6kzhkbW3d4TwD2CNjMRwxTbREXySekvq37kfCNk,3042814,10902501,-7859687,625
2022-02-21 18:52:55-05:00,11933,3jJxvfbyc9KvECkLWTGptkezCLZfiums7GgfANyCULF3,C7fXi4upWW22F2Ak7AzsYVASjjdfZZtPmkQ9pBB2bJXZ,True,7080052,1770013,11075,5537,5538,HfEnetJ7uBSmZWCjBNxdvv9HEC5nsW4wDV7wu6WnhWan,443023,4593904,-4150881,625
2022-02-21 18:52:59-05:00,11934,FdYFnEYtFQKcZPmzUqnvNLzozxdR1emtkmvnYcMgYykS,7arWNJQf2cWxerjhLgQh9CJxwTat1efnr5KmhuD7Qnv4,True,50990,12747,79,39,40,HfEnetJ7uBSmZWCjBNxdvv9HEC5nsW4wDV7wu6WnhWan,3188,62558,-59370,625
2022-02-21 18:52:59-05:00,11935,3sGCWcgPY7TzRCkFR1uuY8KcUzVRbdTyFYxh7V1csNMX,CcRFNnG2uhyLwhNAbX4U49jkMeC11kJtVhhyqDWdDK5r,True,1865284,466321,2918,1459,1459,HfEnetJ7uBSmZWCjBNxdvv9HEC5nsW4wDV7wu6WnhWan,116741,2242299,-2125558,625
2022-02-21 18:53:01-05:00,11936,9Hz4p7gcfDbXBJp8KzhaBBPh9i7xe9kun7zLfDtqPe6c,2bJ43Lep6kp6WY7Ct56oiscKnAbdtC265G5yRvRPFThU,True,239593,59898,374,187,187,HfEnetJ7uBSmZWCjBNxdvv9HEC5nsW4wDV7wu6WnhWan,14974,201027,-186053,624
2022-02-21 18:53:01-05:00,11937,2EkjFzKuqQaT9iLsf4qHnXM6rnbj7ftEyzzRsWx6D347,9NpHNbrRJF3U8Ub4KraPHhhZpyZk9Teo836dJSktJMEV,True,580221,145055,907,453,454,3zqXX6kzhkbW3d4TwD2CNjMRwxTbREXySekvq37kfCNk,36304,441294,-404990,625
2022-02-21 18:53:02-05:00,11938,As81koHnSP9quoXuUVNHp3VR3Qaks8HLa4sFgJDocYiF,AMVm8dXia5s974VgZSbeE6uPDgyXDHZFyJ2W1J1CWvKW,True,1835139,458784,2866,1433,1433,3zqXX6kzhkbW3d4TwD2CNjMRwxTbREXySekvq37kfCNk,114654,2199094,-2084440,624
2022-02-21 18:53:02-05:00,11939,A4Q7Vrc9M3GtEXNUSiVBFkansyf5sKBtSeVT92WFacqv,EWLNfsTKqzkd7KAhnrPRre4Dyk6exb3H9wSbrJuyWprg,True,1669452,417363,2609,1304,1305,3zqXX6kzhkbW3d4TwD2CNjMRwxTbREXySekvq37kfCNk,104370,2005295,-1900925,625
2022-02-21 18:53:02-05:00,11940,AwT3pH9dHjECDnuUiazbD6tZxZHdNwgJ4vBMmxLHMiLo,AjybksvjMT1QT6KvryXCG47pQGT8v9jxM34VkveGPQrs,True,421954873,105488718,657764,328882,328882,HfEnetJ7uBSmZWCjBNxdvv9HEC5nsW4wDV7wu6WnhWan,26310571,197167236,-170856665,623
2022-02-21 18:53:02-05:00,11941,92vHa65f4WpuqzSCMESDMPxZ2yfLxXJMMPYLof75EiN,3QZvcV1wL2ZYnw9yY9sbhiCP3dYYHeUZB7gcqtSutuLK,True,41615038,10403759,65036,32518,32518,HfEnetJ7uBSmZWCjBNxdvv9HEC5nsW4wDV7wu6WnhWan,2601453,29057374,-26455921,625
2022-02-21 18:53:02-05:00,11942,CJpe9bNHxS63QMaGJhmnr4u7eTo6e5GApZQZyPtXLAkk,EMVL4sDfVXwGEoGEYwLp8D6itfy3eu4FZBAj1kMz6uXa,True,1750415,437603,2733,1366,1367,HfEnetJ7uBSmZWCjBNxdvv9HEC5nsW4wDV7wu6WnhWan,109357,2100358,-1991001,624
2022-02-21 18:53:04-05:00,11943,8ARSFh2vPjz7M1pjNqFRsRrHFGwVsUNnD7kLbqhmMrZR,9TGsutLwHv259Le8zfZ75FM4eLZffi6itgWBgYqeKkAy,True,438832,109708,685,342,343,HfEnetJ7uBSmZWCjBNxdvv9HEC5nsW4wDV7wu6WnhWan,27427,534573,-507146,625
2022-02-21 18:53:04-05:00,11944,2ZSfbqxhiCTDrDPeRhoWayTZHNmW7ajVXBCxpFS4eGBF,3ZmWsPdQD7qfSMGKQSNhmBtuH7S6qMFRc8oEmBcHXEiR,True,65491,16372,102,51,51,3zqXX6kzhkbW3d4TwD2CNjMRwxTbREXySekvq37kfCNk,4082,80341,-76259,623
2022-02-21 18:53:04-05:00,11945,E3VXmcpGHFLMaoEB76WUMUWkaHNGhwQyG88uoRhryniB,9388AsZ75Uh6KpyhPRQeJUJGw8EoGSTGfBsdWzMByKar,True,659047,164761,1027,513,514,3zqXX6kzhkbW3d4TwD2CNjMRwxTbREXySekvq37kfCNk,41116,250643,-209527,623
2022-02-21 18:53:05-05:00,11946,FYdUiU3rPpbYKWnEpekQQsocSJKjXmscohi4v6DYqix7,daPyq9YdunQJhhLoW5ifhJ7UFPTtRZhGs4JwE1nqZhN,True,65915,16478,102,51,51,3zqXX6kzhkbW3d4TwD2CNjMRwxTbREXySekvq37kfCNk,4105,80849,-76744,622
2022-02-21 18:53:49-05:00,11947,243SAnGxchCVB1LQAUF4SsozR86yDwEdg2QQpbWGsMYe,5u8sNkb2oEQjUXJAB3yGStmv3Uwz16gBgExBo5myVK4b,True,370810,92702,580,290,290,HfEnetJ7uBSmZWCjBNxdvv9HEC5nsW4wDV7wu6WnhWan,23202,216327,-193125,625
2022-02-21 18:55:03-05:00,11948,BLJgLzizx2yLgd12pVBAHTMqn9J5JA3JHCF8PnLnPyUk,HhDmwMysBFWhXnd3mrV31w75WBRKBS8wJSiEMZgqdUSp,True,257675,64418,403,201,202,HfEnetJ7uBSmZWCjBNxdvv9HEC5nsW4wDV7wu6WnhWan,16123,322829,-306706,625
2022-02-21 18:55:05-05:00,11949,8w6CkZjw2egvAy9CykZfqz7mdRMxcSyzU4mT5WNLHs5Q,D4u8CcdVvLfDQ4xPzfVMmGzao4XdP5HWBnuh9g7Hc3Qg,True,27370847,6842711,42822,21411,21411,3zqXX6kzhkbW3d4TwD2CNjMRwxTbREXySekvq37kfCNk,1712890,36210819,-34497929,625
2022-02-21 18:55:05-05:00,11950,Aop82qT6CwZbomif4QowqP3VaSHKB1837B2yNKqw4tER,65BVa4jrCx9etU5eXBAXT2PVnwVot2HLWGYyNXbVJDFk,True,900494,225123,1398,699,699,3zqXX6kzhkbW3d4TwD2CNjMRwxTbREXySekvq37kfCNk,55926,1079586,-1023660,621
2022-02-21 18:55:05-05:00,11951,DwoQXrbwHmfnkWvYaHbPjir3WLmq3oSpSrAjnPdDqgtL,Hv6r5uYpyyn8B4PTzrki6mj5hdF64yaa564Zi277tANU,True,975281832,243820458,1522393,761196,761197,3zqXX6kzhkbW3d4TwD2CNjMRwxTbREXySekvq37kfCNk,60895729,393751952,-332856223,624
2022-02-21 18:55:06-05:00,11952,ymyzGH4Qc7HH5PbKpVphCbsQgLLXyGkPcXamQJuNj5C,8oTLHaV2XzbKXNWRuUjCfHjUn61Pw93LYK14m9q2VDpZ,True,3468,867,5,2,3,HfEnetJ7uBSmZWCjBNxdvv9HEC5nsW4wDV7wu6WnhWan,216,3959,-3743,622
2022-02-21 18:55:06-05:00,11953,BrHRMouGRz3LBNzd9anfdYMhWfg8yUPHL4PqJ8WdEDFS,4uzoLa3mC2VYHAPBoHLX4gTjPTC28rPf2fvEGtJWPYc,True,8309,2077,12,6,6,2BPYaeCXY4BCFSGFSfiGtqmhzJ4fkhYLxGjqFvLCB6hG,516,15023,-14507,621
2022-02-21 18:55:07-05:00,11954,U3vvMQ4X4aKzVYfhMw1V1p58HRqaLnuXozqmmefYeD9,7JA94MArkNCFRhBq8f5a32DgMF6aPdFsoC5HvXDQ6NuR,True,79136,19784,123,61,62,HfEnetJ7uBSmZWCjBNxdvv9HEC5nsW4wDV7wu6WnhWan,4942,107512,-102570,624
2022-02-21 18:55:07-05:00,11955,AvpYg74EBhwAXE8rcdGkpwmbBMRyVidF6zMRSFtWAVC6,4WgpqTp4r9wMpMptYMNbvCaP2faBnVr6FdShCAobetpL,True,64929,16232,101,50,51,3zqXX6kzhkbW3d4TwD2CNjMRwxTbREXySekvq37kfCNk,4055,79745,-75690,624
2022-02-21 19:08:01-05:00,11956,5QxR9QPTADFys9VQNm473RgprTikCXC23vhsBc9ojyAQ,H9zdf8nJ4JCF7jrwGsxiuiFoa14gzDmYsZ5N5ig3UGna,True,72644437,18161109,112812,56406,56406,3zqXX6kzhkbW3d4TwD2CNjMRwxTbREXySekvq37kfCNk,4512491,18568054,-14055563,621
2022-02-21 19:09:23-05:00,11957,H1oYXGZTagwv48FdDe6RNkjNaesedqLKyXxTmPc5k4Fp,Am3rx6XrkrZ4MdeZDyZUv1YW2fBujcz4dLjVCnRQHKZa,True,40660847,10165211,63402,31701,31701,3zqXX6kzhkbW3d4TwD2CNjMRwxTbREXySekvq37kfCNk,2536090,10070642,-7534552,623
2022-02-21 19:09:55-05:00,11958,9AJH82vT5qffJDaufA827gZ3Za7bJcUoL6kLXCV2QfMX,78AU7GRaKkx98LcwijwUiZeYHPuEcKGpY8HWqDLgA6pX,True,352130381,88032595,539086,269543,269543,3zqXX6kzhkbW3d4TwD2CNjMRwxTbREXySekvq37kfCNk,21563464,92148301,-70584837,612
2022-02-21 19:54:54-05:00,11959,Cgga7cjzsiecXRFLLf4jnEaGGwzr6qroh36G7kz3tV2t,AhUKdVt6jf8L2p5DbxkYPMAZUFqpz1uKBgPMUBJqEcnz,True,22146584,5536646,34442,17221,17221,HfEnetJ7uBSmZWCjBNxdvv9HEC5nsW4wDV7wu6WnhWan,1377712,5473652,-4095940,622
2022-02-21 20:21:18-05:00,11960,25NUDrsdLhS3fcARLiTMbbmZHvvzvzPj9xAdoN8sJBN3,8baNRGHfYRcLdhbHNuH72ofAWM9UojqhTMLnbBayzGnW,True,1112189,278047,1734,867,867,HfEnetJ7uBSmZWCjBNxdvv9HEC5nsW4wDV7wu6WnhWan,69392,660742,-591350,623
2022-02-21 20:23:57-05:00,11961,4Enpw9W2mWGnNYagYQ8WW29RLSs4R5YX4qXCsVqMFeHn,9QwbJmm9QDKXyc4ZViq74BfS35zzewEceXQNnFCgczXu,True,107658774,26914693,168036,84018,84018,3zqXX6kzhkbW3d4TwD2CNjMRwxTbREXySekvq37kfCNk,6721466,39854163,-33132697,624
2022-02-21 20:24:18-05:00,11962,CYcgATWjZUXrqxJyVTEMkDBv1eyUjb1TZi2raTd1ujvU,7jefj3noz9JDDnJ74YZL946EPJtywSnPsi7ZpgU4Wj1G,True,21145580,5286395,33086,16543,16543,3zqXX6kzhkbW3d4TwD2CNjMRwxTbREXySekvq37kfCNk,1323441,9708179,-8384738,625
2022-02-21 20:24:38-05:00,11963,F82PLGiP5KXaPHD94YDq5FnfGeFbb6Z4gBFHypukaCi9,7ckYcHsEdKq3mfvAUc71uRUw2ugvS9yu7RNJErsdefi7,True,27374025,6843506,42676,21338,21338,3zqXX6kzhkbW3d4TwD2CNjMRwxTbREXySekvq37kfCNk,1707063,36201815,-34494752,623
2022-02-21 20:24:38-05:00,11964,FF8rqfM9PTEjYiVFy8jS81weDRwdaYooux2uSa2LexrJ,JBk1JghH1gged1YpDbkczFXP9ka5ivYSkaYoVbbXD4kg,True,47259,11814,73,36,37,HfEnetJ7uBSmZWCjBNxdvv9HEC5nsW4wDV7wu6WnhWan,2956,61521,-58565,625
2022-02-21 20:24:38-05:00,11965,4q5tGJYhKAyUCLkFdAajtrE9KCvZohCEFqGp5XkqAHwD,8a913NCjVRW6F4DzwaxijQ4URD4AkpCDhts2MJUBYPWs,True,498770,124692,776,388,388,HfEnetJ7uBSmZWCjBNxdvv9HEC5nsW4wDV7wu6WnhWan,31069,198389,-167320,622
2022-02-21 20:24:41-05:00,11966,6h43GsVT3TjtLa5nRpsXp15GDpAY4smWCYHgcq58dSPM,CTgbWridYWnfE5Emwr7qiCEb3LcXHupqeB9zwmddoEqB,True,133146785,33286696,206802,103401,103401,3zqXX6kzhkbW3d4TwD2CNjMRwxTbREXySekvq37kfCNk,8272086,30105301,-21833215,621
2022-02-21 20:24:41-05:00,11967,63RJUGNb2mPuiVvqCacwZ9BDvnqoPuBFbogvHNZukUSW,FyLe7q7PNK9VjdVv2xJyT4q9Wwj5BikVu3xhBirYPhVS,True,490721234,122680308,761221,380610,380611,3zqXX6kzhkbW3d4TwD2CNjMRwxTbREXySekvq37kfCNk,30448851,122607167,-92158316,620
2022-02-21 20:24:42-05:00,11968,3tQBuHwr3V8AZu8Yqhg1UfmnFoxzkUq9UeGeLm41UHy4,9cESwduiHBgrxZK1hN1eAFwnyfxw3FEHezTa8Ue5Kpye,True,5262474,1315618,8131,4065,4066,HfEnetJ7uBSmZWCjBNxdvv9HEC5nsW4wDV7wu6WnhWan,325254,4413739,-4088485,618
2022-02-21 20:24:46-05:00,11969,EBnMKbaJEjNXjt14hxssR8wd3Ua37McPQxUZnKxxbgtd,FAALK2LRFhg98ezHEBFrgrzxTg66eZpmo7ctKDEck8q5,True,115059,28764,178,89,89,HfEnetJ7uBSmZWCjBNxdvv9HEC5nsW4wDV7wu6WnhWan,7149,129645,-122496,621
2022-02-21 20:24:46-05:00,11970,DMgD2KCEhTGFLUZ5GnfNcwfiiwKYbyVpoWiN6knMkCAf,5KU2vgBkPTNVHsSULjgX7ZkZS56U3Dy3xqLTxL5sUZJ3,True,358921,89730,560,280,280,HfEnetJ7uBSmZWCjBNxdvv9HEC5nsW4wDV7wu6WnhWan,22421,535391,-512970,624
2022-02-21 20:24:47-05:00,11971,3NhNdphQiKwgHTmTJc4qVhp3aWjqnwMTYbRW1y9CZrZg,BNpP1sKPAr7Dk1ymSrupge9KGMVpk4LfjTjawgi9YaC5,True,383405,95851,595,297,298,HfEnetJ7uBSmZWCjBNxdvv9HEC5nsW4wDV7wu6WnhWan,23839,459984,-436145,621
2022-02-21 20:24:47-05:00,11972,9kYkFDNE3qD6s73fn8kJowgqbDZoDSw22XaUJ7rTD43D,E8zJz8pT2c9aZsxe4kLMNs4bY7skt38SU5wK5JTqbGr6,True,1003581,250895,1557,778,779,3zqXX6kzhkbW3d4TwD2CNjMRwxTbREXySekvq37kfCNk,62304,1234139,-1171835,620
2022-02-21 20:24:47-05:00,11973,gwRpwn2swQgwyJ7ijihN1aKNb1LtsvJwWpWkGc3ttEc,HT22Au8YZoja3ijYVuxEwSZdve73yrp1NKczv4vGbzrL,True,572978,143244,891,445,446,HfEnetJ7uBSmZWCjBNxdvv9HEC5nsW4wDV7wu6WnhWan,35679,164422,-128743,622
2022-02-21 20:24:48-05:00,11974,4SX2pj4eHRwFMtyDCrMZ8ZT6ASAMi7yfZWZnccw5dGn8,Ads49ZqvTmPHxfzNYm4oJb4HBYhwS6vXQbarqmpUi5VZ,True,53271,13317,82,41,41,3zqXX6kzhkbW3d4TwD2CNjMRwxTbREXySekvq37kfCNk,3289,65519,-62230,617
2022-02-21 20:24:48-05:00,11975,2aK454FrEuA6JQZo2hLUabd4E6wyQtVuJWw2rWz2pGVy,3dJvhEh7kykf8hCCWQRarh2s5ybJUAzbaPdDUmX4XokW,True,21431579,5357894,33246,16623,16623,3zqXX6kzhkbW3d4TwD2CNjMRwxTbREXySekvq37kfCNk,1329852,5428285,-4098433,620
2022-02-21 20:24:48-05:00,11976,73PpLzJmAimmqtjGpRcYHua8t6wx3gYiiXFvQxnSDMJV,CRCpLcS8LNKX22co94spJBXEes9Fnh5rYBvbVEte4JXA,True,7681674,1920418,11966,5983,5983,HfEnetJ7uBSmZWCjBNxdvv9HEC5nsW4wDV7wu6WnhWan,478670,8489494,-8010824,623
2022-02-21 20:24:48-05:00,11977,7EvJoetxJVTgpJXqE1VC3fZN1CQ5xdWdv29yCiDuH9gU,6RTEusjGEHNDdMj75qkpzYHjHZ3R2XN5xvptCwkRJz5j,True,73263,18315,113,56,57,3zqXX6kzhkbW3d4TwD2CNjMRwxTbREXySekvq37kfCNk,4528,90114,-85586,618
2022-02-21 20:24:48-05:00,11978,9rgrRAMcGSarfz8xXckw1LjkemMwwjzJLApPjpfY2XZ3,BRtNdDDtCiNDYDERZTBCefUiYvjShucRX1hxEBLyeggT,True,51659,12914,80,40,40,HfEnetJ7uBSmZWCjBNxdvv9HEC5nsW4wDV7wu6WnhWan,3226,63419,-60193,624
2022-02-21 20:24:48-05:00,11979,HGJoZvLakWfSDFwuvShNBc4kCf7nP7VqzyM3mELpbFEf,12Qn5jin7QvsBngXqYAv4UstyG3b6nRf1jsLp9Dp8G7k,True,4081,1020,6,3,3,HfEnetJ7uBSmZWCjBNxdvv9HEC5nsW4wDV7wu6WnhWan,254,5118,-4864,622
2022-02-21 20:24:48-05:00,11980,BJaaH1SK1pF2kZQzmYpLFfDtm52CR9a5rd39RAPtLe8q,HUsT5FVxaisdnCvG1BQxX6zffjfL2Rwx5mMo5y8SDV7e,True,117336,29333,182,91,91,HfEnetJ7uBSmZWCjBNxdvv9HEC5nsW4wDV7wu6WnhWan,7310,86926,-79616,622
2022-02-21 20:24:48-05:00,11981,43wwd6zLB8yKfXEu7rtbeDFhKBuxFR66MnyhTKW3zqa3,A9t6AMvVNenwWymz3QMtdUuuGYjjTPLaA9bhRjTzNY9h,True,1019732,254933,1594,797,797,HfEnetJ7uBSmZWCjBNxdvv9HEC5nsW4wDV7wu6WnhWan,63785,1251101,-1187316,625
2022-02-21 20:24:49-05:00,11982,43EtYHdVkdBxHTtFR3QWVgvCKj1SqsAf7xLY2yphsv1x,8WJbP4mVJWYuN1dVzHpRg7YR2nBELB4Krkq8Zch8sp4g,True,80016,20004,125,62,63,HfEnetJ7uBSmZWCjBNxdvv9HEC5nsW4wDV7wu6WnhWan,5003,91781,-86778,625
2022-02-21 20:24:49-05:00,11983,BMawc4jLJMER4ryGcwdm27H3MU8JQCiSfwb9onVfYDpr,5ciaGDuaB3rBKvV7MphT2eMkCUxBzWZc7zYXQM7vbQ46,True,384496,96124,597,298,299,HfEnetJ7uBSmZWCjBNxdvv9HEC5nsW4wDV7wu6WnhWan,23919,458973,-435054,622
2022-02-21 20:24:49-05:00,11984,E8iuHK2DErFnMAYfWmNoix4jVb4WDG8Sc41hBycLUxbd,77Zoru23JmnK5EJ8eURonQoEpJcLP4edabjD8MR8NKdX,True,1014253,253563,1579,789,790,HfEnetJ7uBSmZWCjBNxdvv9HEC5nsW4wDV7wu6WnhWan,63180,1246095,-1182915,622
2022-02-21 20:24:49-05:00,11985,9BMHbUs4d3qX49fnroHv2FTPDs4yoDFrvDMqf8p9U4pE,2yL7zwMr7qVG5Sdwkf7z6ppnNqt1ASppBbmxwYjfFY6Z,True,1015445,253861,1567,783,784,HfEnetJ7uBSmZWCjBNxdvv9HEC5nsW4wDV7wu6WnhWan,62716,1250095,-1187379,617
2022-02-21 20:24:49-05:00,11986,4nhdidD6SASYzwZ7mUnWKyP4xyWXhdBe2gp5F4qDtLrL,HLk6YPhVidsn3i8HfoASvoim1ztxb4bi8JnioiyvorpV,True,367392,91848,569,284,285,HfEnetJ7uBSmZWCjBNxdvv9HEC5nsW4wDV7wu6WnhWan,22776,439300,-416524,619
2022-02-21 20:24:50-05:00,11987,6Z6y2QLJUZ5s6zdjanJcKprTAotx8tqr9DRNqqycMeS4,JCYwt8MHVaBb14GB2qAvDWwYVMaL7VTxyNEt7Eo5Zy8x,True,53578,13394,82,41,41,3zqXX6kzhkbW3d4TwD2CNjMRwxTbREXySekvq37kfCNk,3312,65793,-62481,618
2022-02-21 20:24:51-05:00,11988,Bt37YbHvD2M8zcGmanksKy8MCi4Qzto7hEnGRJyNvWyg,4WGRnDhpoY4zJi74iJyALasETpJNJMCJtf9aWJUVrHQv,True,83470857,20867714,130145,65072,65073,3zqXX6kzhkbW3d4TwD2CNjMRwxTbREXySekvq37kfCNk,5205808,58920949,-53715141,623
2022-02-21 20:24:51-05:00,11989,Hqzz5RdbkkmMPCVdxF3Q3sLuh7XVJHEwAP6zpz7pCwTj,TNwXSETgrJGM9S5zbBY3mMWKbPFskbKjPAhBrWFNfuK,True,58454,14613,90,45,45,HfEnetJ7uBSmZWCjBNxdvv9HEC5nsW4wDV7wu6WnhWan,3626,71541,-67915,620
2022-02-21 20:24:51-05:00,11990,9T6bCVf7AshQP1NNbsF3eCdbChKbcfrFUPFWUXRijY5M,4ZFq3kdwaUhiotXCXzDFjVCAP3udzGsx5CicgLLXd4PR,True,36717602,9179400,57423,28711,28712,3zqXX6kzhkbW3d4TwD2CNjMRwxTbREXySekvq37kfCNk,2296945,25940851,-23643906,625
2022-02-21 20:24:51-05:00,11991,28YQqynu5oRud5xEcsDvAaGhJhgpiVJSTNeMwkrbpbyv,9zYqRWiRatbohCdBfV3PrAxp8v1kwgbvV9ta4RJRRp68,True,2664143,666035,4148,2074,2074,HfEnetJ7uBSmZWCjBNxdvv9HEC5nsW4wDV7wu6WnhWan,165944,3164863,-2998919,622
2022-02-21 20:24:52-05:00,11992,EPWsutEpgpcz776maq552k8QhDKdmkSfAED5E3jgpTdY,CCwGZYDvqoHEBBtSSieAJgy5e3k4jYrpjyDffypwnWxu,True,2718815,679703,4227,2113,2114,HfEnetJ7uBSmZWCjBNxdvv9HEC5nsW4wDV7wu6WnhWan,169088,3230230,-3061142,621
2022-02-21 20:24:52-05:00,11993,C1tcxAjMzZaFVcF2ke2nSyiCjcLBwsz5yKXShy5MB14h,GYkrJj2zHVZuzPC45MbuevYkRJHdeL4Sqj9SWqZfUdiE,True,3420989,855247,5325,2662,2663,3zqXX6kzhkbW3d4TwD2CNjMRwxTbREXySekvq37kfCNk,213036,4049376,-3836340,622
2022-02-21 20:24:52-05:00,11994,DD1a8rMoUCwmEiLKRN43VpdqL8Qgfr5yi92ejQxDVRMo,3vMJVNAuyRhM9jkaEZARhwbR6MerR5UmcgoZ9c5bs1VS,True,1196500,299125,1865,932,933,HfEnetJ7uBSmZWCjBNxdvv9HEC5nsW4wDV7wu6WnhWan,74616,1469660,-1395044,623
2022-02-21 20:24:53-05:00,11995,4eaXYcx5ayhTq9TmmQFgLDjy6p3z93txUN97v8PTSh1J,J3vgUnjDUy5ngrmrs6FwpZTexxJNxXM1UjsHvsgw9g9y,True,65404,16351,101,50,51,HfEnetJ7uBSmZWCjBNxdvv9HEC5nsW4wDV7wu6WnhWan,4074,80256,-76182,622
2022-02-21 20:24:53-05:00,11996,95urWGJ4HN1bTarbDi8Dpj4K4ms7dovs8gwaYdaSLC6e,2THhqxjhXjp2Zui9ML2MzAbGN4dsfa3dkdqzC8LYhnbQ,True,95705,23926,148,74,74,3zqXX6kzhkbW3d4TwD2CNjMRwxTbREXySekvq37kfCNk,5936,114057,-108121,620
2022-02-21 20:24:53-05:00,11997,Fw2e6jxKVeFcJSe9MyVhSz3dUdJQLs3XULHrT1mtMU9U,591U5bexgLRJXygtK5fpCRXcZEq89KgewFTdfPkti8bY,True,7738436,1934609,12060,6030,6030,3zqXX6kzhkbW3d4TwD2CNjMRwxTbREXySekvq37kfCNk,482410,8562979,-8080569,623
2022-02-21 20:24:53-05:00,11998,4yhW5mBsFVNgQ5QQc2Yg65guctPsTSXcERbzmYM6rdnL,5uJnMZ6DWA9bMSvHvS5zomwtt1sv7YCWq3GDJh77YC3q,True,64325,16081,100,50,50,3zqXX6kzhkbW3d4TwD2CNjMRwxTbREXySekvq37kfCNk,4023,79205,-75182,625
2022-02-21 20:24:53-05:00,11999,8xjstKJD2RopRxxRP8JbMYRmpBKgSZivMFRXXRZ5syPh,HUfevkvBsm5SDpxnZ4NBD8Re7LvqBQLrx5UWXCeYTBgK,True,96863,24215,151,75,76,3zqXX6kzhkbW3d4TwD2CNjMRwxTbREXySekvq37kfCNk,6055,115371,-109316,625
2022-02-21 20:24:53-05:00,12000,9wsQcvpqPp8c9q42RntWDNbqNCnmJeW4GMG2AtKAHkBu,EMqRbzGvXTU1LtmoSw9uSrpTX2L4tpJQAMJJJ4duvzf5,True,9281464,2320366,14461,7230,7231,3zqXX6kzhkbW3d4TwD2CNjMRwxTbREXySekvq37kfCNk,578461,6562278,-5983817,623
2022-02-21 20:24:53-05:00,12001,HZSJVNb6g4o52N7pAJCLkGjur8evF5Ex1sAx7uUxUDdm,8LQHKhXStrwcd6f4AxaTVcrGdYpGjQz8vWf5JXsAzcsp,True,75187,18796,117,58,59,3zqXX6kzhkbW3d4TwD2CNjMRwxTbREXySekvq37kfCNk,4693,92453,-87760,624
2022-02-21 20:24:53-05:00,12002,446VESPwhh16pG3VcpgraT83MoqWy87qgU36mKZC8BsW,SmUPkPpnnRfSH3tcKUnbpK6HHNJtLfvMiUWk9eUwkNy,True,2702339,675584,4190,2095,2095,3zqXX6kzhkbW3d4TwD2CNjMRwxTbREXySekvq37kfCNk,167627,3210309,-3042682,620
2022-02-21 20:24:55-05:00,12003,5FgPU7KpsDnx4Xc1UdQoLPR7MDd5cBkJXW2Q8ctopMZR,9GWzAZFVfTY8WjTYvDAE2YcAjgeKiDXgToK76KBZF7Rv,True,86456,21614,134,67,67,3zqXX6kzhkbW3d4TwD2CNjMRwxTbREXySekvq37kfCNk,5392,102857,-97465,623
2022-02-21 20:24:55-05:00,12004,5iRLEmB6qBHqkJBPyyubnd9f1TpRr4EY8BTxuHUREeLB,GkY73KL6HJ4ycdggFtYWALBgmTRZVCx66P2ZJ7E8ENwC,True,55822,13955,86,43,43,HfEnetJ7uBSmZWCjBNxdvv9HEC5nsW4wDV7wu6WnhWan,3474,68557,-65083,622
2022-02-21 20:24:55-05:00,12005,HpRYrL8HzCPaBJTLFgZmYg2aXBnBQUpf1mikVkzkY56z,8DzHRd8qWcEjnX6cefwYtgRGpQJUaw9QPjyfAsN7j33r,True,666744,166686,1035,517,518,HfEnetJ7uBSmZWCjBNxdvv9HEC5nsW4wDV7wu6WnhWan,41401,799957,-758556,620
2022-02-21 20:24:55-05:00,12006,8GdYhwX26GRmVfGFCbJ3MJrH1UdneN2FNRUexhLsqprN,DpUTHSVucDPyCWoLCdpm8EFRZFiKL88tmnSiWG2TRpS8,True,58619,14654,91,45,46,HfEnetJ7uBSmZWCjBNxdvv9HEC5nsW4wDV7wu6WnhWan,3655,71731,-68076,623
2022-02-21 20:24:55-05:00,12007,GcjcaWoMUcGkLaJBx3svxtzwGNn5SLcFrwaLqnpadUZY,Ep9sDjTMMasVjKdshsE88uk3mWYkKuMTVRooVJWvCq9F,True,993650,248412,1537,768,769,HfEnetJ7uBSmZWCjBNxdvv9HEC5nsW4wDV7wu6WnhWan,61502,1220881,-1159379,618
2022-02-21 20:24:55-05:00,12008,5zCfNUARbvDrkdkf8rKNnf6D7HXn7Wz6D61jQGTGpw3N,6T76MLTxS5vnRuodEgADt3iXMx8WUFLQzoyKh7f2uPFy,True,118325751,29581437,183521,91760,91761,HfEnetJ7uBSmZWCjBNxdvv9HEC5nsW4wDV7wu6WnhWan,7340864,84124134,-76783270,620
2022-02-21 20:24:55-05:00,12009,s3MwEMLs777XFqetPJT55cw8NYXg8uHqr6Bnxdvq3bE,GN2D9JsJ8oXhSHXTvvWnoXDfv8JLVYx3ZGNwjAV2Dd3j,True,4308759,1077189,6724,3362,3362,HfEnetJ7uBSmZWCjBNxdvv9HEC5nsW4wDV7wu6WnhWan,268977,970218,-701241,624
2022-02-21 20:24:55-05:00,12010,EmXaq1sxmAZUiwYW6LXpKtKFZXu5MzQ3sK4MEAojDK1h,HuAsa5G2wJi8Ah9stxEmggwcB5zW1QjBsP3Ndgke7r8X,True,87499,21874,135,67,68,HfEnetJ7uBSmZWCjBNxdvv9HEC5nsW4wDV7wu6WnhWan,5430,107287,-101857,620
2022-02-21 20:24:55-05:00,12011,CEtpqFD4BbeiNfaXyLLYEapY2mWgE26H5q6H34tWwRuD,BVqRyqwGFPzSkk1H2finiyfaL3LScbEiQGk3mihirxqs,True,48139,12034,74,37,37,HfEnetJ7uBSmZWCjBNxdvv9HEC5nsW4wDV7wu6WnhWan,2987,58285,-55298,620
2022-02-21 20:24:59-05:00,12012,FRvMjD6zc3KXqdj5VhPBUaW7qHYktbc9WzPYPAiwtZrx,91LzVLfMLiLGjs7MJjz1JgUr2L65Mf4GP7yVkGinnCxq,True,167537080,41884270,260741,130370,130371,3zqXX6kzhkbW3d4TwD2CNjMRwxTbREXySekvq37kfCNk,10429673,37872593,-27442920,622
2022-02-21 20:25:01-05:00,12013,EbScW49FqTmK83BKPFVZWdrJ4XAfoATRT7bbZQZC1anL,3tfG6ocjfFsr7u53NRhcnhNvRqRbmyEa5t37rMhtLyY1,True,1811567428,452891857,2831220,1415610,1415610,3zqXX6kzhkbW3d4TwD2CNjMRwxTbREXySekvq37kfCNk,113248817,797205597,-683956780,625
2022-02-21 20:25:10-05:00,12014,CygwJ5Z1ZP6xfjN1ZGH7yw8b2oYvf6JTpenXx7A5yFdt,59VKgJtBCTb3Pji7BWtqttisBYVVCnWtyEn5Eba5r52Y,True,1137789,284447,1767,883,884,HfEnetJ7uBSmZWCjBNxdvv9HEC5nsW4wDV7wu6WnhWan,70709,1308416,-1237707,621
2022-02-21 20:25:10-05:00,12015,2AAWghW6BUAFBtF3R6hB9uoqMc5oUDkU8FTd2JrXKema,798cfEUZ2YhXwNTNjXMS4Z2J8gAHaK4zZwpMkq2HzWWM,True,351686554,87921638,549214,274607,274607,3zqXX6kzhkbW3d4TwD2CNjMRwxTbREXySekvq37kfCNk,21968583,299067173,-277098590,624
2022-02-21 20:25:10-05:00,12016,Gfe4UgUGqvzcehSbETrWwLRAcqzFnkTrs6vJx8h6kTxi,7exMQ8sLti4Pmb2ZQtZhyuWRuQ6pq7XSXL9sCcWTqCvF,True,5308933,1327233,8217,4108,4109,HfEnetJ7uBSmZWCjBNxdvv9HEC5nsW4wDV7wu6WnhWan,328707,6416533,-6087826,619
2022-02-21 20:25:10-05:00,12017,4cNmhgaMic1xBiaDJ6phrQuXmm8WfF1qjyYMqZcKG4c9,43vgfXiLTtcs1bkrcDar2iz9M6RMbGqbA6BMkBHdh7T4,True,61374,15343,95,47,48,HfEnetJ7uBSmZWCjBNxdvv9HEC5nsW4wDV7wu6WnhWan,3813,75816,-72003,621
2022-02-21 20:25:10-05:00,12018,8cRrU1NzNpjL3k2BwjW3VixAcX6VFc29KHr4KZg8cs2Y,6KhaewfwKyT5fkQvfiDqKzGWEPbuP9H5NfxEUXVx14U4,True,119747769,29936941,187311,93655,93656,3zqXX6kzhkbW3d4TwD2CNjMRwxTbREXySekvq37kfCNk,7492449,47636163,-40143714,625
2022-02-21 20:25:10-05:00,12019,8YMEydGnQH9W5AEXFGquFkb1bcf3PcxiMvYBSMPXKJyQ,3CmWH8eYtkmHNisqMmMBLff6C6z6ZcSj38KoQ34DPUE7,True,51251,12812,79,39,40,HfEnetJ7uBSmZWCjBNxdvv9HEC5nsW4wDV7wu6WnhWan,3179,58919,-55740,620
2022-02-21 20:25:11-05:00,12020,AECUZGm5DjFvbLZEUYhepSPg1Wa7hBjxF9e7ZRBzRPhm,Ar7e1iLKAqa54QiQnXifvnETixDZT1T8KL5YWJA8Ykv1,True,79310,19827,123,61,62,HfEnetJ7uBSmZWCjBNxdvv9HEC5nsW4wDV7wu6WnhWan,4923,97145,-92222,620
2022-02-21 20:25:13-05:00,12021,AzLdwyd8Q4V3iMaSwWgvWwQ9nCs7X7YV2YKpd6CH33nP,BYjeXF5YkcJy3mNMbvfHzXTtyjkc4U53hM5tvfERUH8y,True,65057,16264,101,50,51,HfEnetJ7uBSmZWCjBNxdvv9HEC5nsW4wDV7wu6WnhWan,4062,79746,-75684,624
2022-02-21 20:25:13-05:00,12022,68F35fonSGS1P6LMYmAmeoM8kC6Z78NabMqYLeCZr9GJ,8apmWSZdS8s1ScoNVj4AvSJsbQCj1drU3HL74khuANT2,True,69600,17400,108,54,54,HfEnetJ7uBSmZWCjBNxdvv9HEC5nsW4wDV7wu6WnhWan,4320,85364,-81044,620
2022-02-21 20:25:13-05:00,12023,FSjUzAuFJJDeBerdVPJbWjTyD47GpJRat2h1eCUD1HPH,GT4MarSodCNayJqgVEYMkJQjRvCYYb7S8WJoSaLC144U,True,63630829,15907707,99168,49584,49584,HfEnetJ7uBSmZWCjBNxdvv9HEC5nsW4wDV7wu6WnhWan,3966720,19226833,-15260113,623
2022-02-21 20:25:13-05:00,12024,HxhVxMpFpKzeuC6Z6CpsuUhPHdHUzvpMNYJ8LpQ3NYCp,8KyiipC39iU15zVErVvj6hdhbv89STsexrB8dVw3RcLs,True,68561,17140,106,53,53,HfEnetJ7uBSmZWCjBNxdvv9HEC5nsW4wDV7wu6WnhWan,4249,84294,-80045,619
2022-02-21 20:25:13-05:00,12025,73Wkg27usHy8knWENTmb9zbikugYh93JvBB2bF855vZ2,J9WaUA7r8ct4ZG8o8ATZjvHUPuCYqY42aTsr9xveW5BX,True,68506246,17126561,106172,53086,53086,3zqXX6kzhkbW3d4TwD2CNjMRwxTbREXySekvq37kfCNk,4246883,102598926,-98352043,619
2022-02-21 20:25:13-05:00,12026,3R2wxFQwjCqUwwxJmp9tNrT6osYFpB5gczq2QYik6QYm,7At5Ej3ZsynfWr56FYrd4P4Y6UtD8FHA4gCFB8TaAyaG,True,65466,16366,101,50,51,HfEnetJ7uBSmZWCjBNxdvv9HEC5nsW4wDV7wu6WnhWan,4063,80390,-76327,620
2022-02-21 20:25:13-05:00,12027,7afnF1MkAootZGWc7zsMVLpBuve83hGmvAHkfmwgsq5A,HKdJE8bReznq1Qxqd5iZ4nWQGCk62Vo5TpkRD51bpbGp,True,67200,16800,104,52,52,HfEnetJ7uBSmZWCjBNxdvv9HEC5nsW4wDV7wu6WnhWan,4169,82507,-78338,620
2022-02-21 20:25:13-05:00,12028,45AiuRBbmupfwYXqsWwKHtmEWN8XNJDUSHwHL3b6PvHc,CfvwVkxYPP3jqK2dpAvSRFA1513E9ti84mEpYgtkzFUt,True,111266,27816,172,86,86,HfEnetJ7uBSmZWCjBNxdvv9HEC5nsW4wDV7wu6WnhWan,6905,132309,-125404,620
2022-02-21 20:25:13-05:00,12029,EAUFD16wab8qRMJ4H6updHGt4xFqgRCDeRHVCsLCTSTL,8vkfYSyCyBY9g4TZrp52jUcQj6udy9xAaA4fioRE2RXx,True,39227316,9806829,61381,30690,30691,3zqXX6kzhkbW3d4TwD2CNjMRwxTbREXySekvq37kfCNk,2455275,28897816,-26442541,625
2022-02-21 20:25:13-05:00,12030,2DHhfXSzcuSwsKfAYLMuWuD17w84mCwNer9fcBNLTpSc,89BVfDycKjdSkQzFVqCXd5c16DntdND7WsqoZtCafYFH,True,3131399,782849,4854,2427,2427,HfEnetJ7uBSmZWCjBNxdvv9HEC5nsW4wDV7wu6WnhWan,194163,3743902,-3549739,620
2022-02-21 20:25:13-05:00,12031,69byqtDPmgEY1NqKBCR95CEPVHRUxgbNW9Y4P4HjQ7ND,E47T4q4zMGzNL6vDxgWdLn3EQbW3WfVryr8Jsymy1hAL,True,108070,27017,168,84,84,HfEnetJ7uBSmZWCjBNxdvv9HEC5nsW4wDV7wu6WnhWan,6745,121634,-114889,624
2022-02-21 20:25:13-05:00,12032,8GhXRNmsEgFgKPhGNNgEPUywVzW3bE7uZRWys2P1yNeJ,Bvi5vD5fhRFNdVhEXsSv9vkJzyQzgEswFHBxowkUEgF,True,564455,141113,873,436,437,HfEnetJ7uBSmZWCjBNxdvv9HEC5nsW4wDV7wu6WnhWan,34950,686752,-651802,619
2022-02-21 20:25:13-05:00,12033,6kt64nJRnYaWMi9GbpZaUuhbToAVRd7FUMTGASAAJrve,2Sdxv9ZtogNcVbJwBPxKmVjwAiKyX5GHEfnRmFcydQ1G,True,7596567,1899141,11736,5868,5868,HfEnetJ7uBSmZWCjBNxdvv9HEC5nsW4wDV7wu6WnhWan,469464,8431821,-7962357,617
2022-02-21 20:25:13-05:00,12034,2FEbsetZMkRqLjSC8GBbgecKgX5T1T1fci2sLQux29p8,H722Fcd6DkTFRZxqQWbPDufBfXEgmFfhiEpQZWhxwYv1,True,1213,303,1,0,1,HfEnetJ7uBSmZWCjBNxdvv9HEC5nsW4wDV7wu6WnhWan,75,1411,-1336,618
2022-02-21 20:25:15-05:00,12035,6X5por58mMECmNZQEWpo8M8aA1eHJqr5LNeV9vC7GW5e,DPB2C5UB2Ls1kNzbs1GP33junQvhUyFJWP75RoYjqByn,True,3489032,872258,5438,2719,2719,HfEnetJ7uBSmZWCjBNxdvv9HEC5nsW4wDV7wu6WnhWan,217552,6598984,-6381432,623
2022-02-21 20:25:15-05:00,12036,6TvTxJWSPeyaTVm8PmarVDzxhbTqnkyoabQTgihXyGMj,62ngTMHaRDFjpvzasDgfmgyJ5T6jS9PmYgy97HCkyQS4,True,1850239,462559,2888,1444,1444,3zqXX6kzhkbW3d4TwD2CNjMRwxTbREXySekvq37kfCNk,115522,568330,-452808,624
2022-02-21 20:25:15-05:00,12037,oTq8BsGLNc2ddcdR7ELnCXgzf4KvtA7REmfbFKo56FT,4PgxGgi2UaB753PFyELQCrJy7phAkYsW4e39J9wGWrcM,True,4111525,1027881,6426,3213,3213,3zqXX6kzhkbW3d4TwD2CNjMRwxTbREXySekvq37kfCNk,257068,8010791,-7753723,625
2022-02-21 20:25:15-05:00,12038,7Dm3syN4P2mbBLFKyHTrtnSWY4hadGXiKB9EekTdT68S,HF97QS1dqarPMWgNmtcoaq6z3rpJnzAAAfc1PP4FwRhV,True,58210,14552,91,45,46,3zqXX6kzhkbW3d4TwD2CNjMRwxTbREXySekvq37kfCNk,3642,22856,-19214,625
2022-02-21 20:25:15-05:00,12039,6bMu9G5S9o2CSgHegDAymE4UcxrnKH9UfPE5iUmUJ6Aa,ACG6V3LfAH3JtJbBhiumrx7c4QciavNmGWKfBFt7eRz7,True,4056729,1014182,6341,3170,3171,HfEnetJ7uBSmZWCjBNxdvv9HEC5nsW4wDV7wu6WnhWan,253671,1827560,-1573889,625
2022-02-21 20:25:15-05:00,12040,HZJyrD4eqM4nKnyRh2JAs1sC2TaJxFhNPixBdK7PLMuS,Hycz71z4tEsKUogJnefT2GN3MPCLdTJdv9B6T82Ngw2u,True,281670,70417,439,219,220,3zqXX6kzhkbW3d4TwD2CNjMRwxTbREXySekvq37kfCNk,17564,348301,-330737,623
2022-02-21 20:25:15-05:00,12041,9WRDBHzD4aNHw5qvrhc6nqXCBLA5D7YYP8TvSrLksXd6,GwxWNmv9XDkqQsx7DfCMccFjVik8asPnFU9gtnb4UVx,True,50640,12660,78,39,39,3zqXX6kzhkbW3d4TwD2CNjMRwxTbREXySekvq37kfCNk,3148,62190,-59042,621
2022-02-21 20:28:44-05:00,12042,4ne6vC7qdxQYHJCsaeFAKZrKdFt2SwXGHQ3jrMHqt4DL,Cf1dLHY2WXH9rXbRKq5TT8THbdo9SdNUZq4rYhRCF9z,True,116866,29216,182,91,91,HfEnetJ7uBSmZWCjBNxdvv9HEC5nsW4wDV7wu6WnhWan,7315,86638,-79323,625
2022-02-21 20:28:54-05:00,12043,EAtQUZAkQxwJF779DwPcWHZ455FzYX8mzm1uV5LBnhPB,8h8t6GW1Y7xMBfWpfyFfUVBP4apMbJVNg7igZUYZLsyr,True,712210,178052,1104,552,552,3zqXX6kzhkbW3d4TwD2CNjMRwxTbREXySekvq37kfCNk,44180,400816,-356636,620
2022-02-21 20:28:57-05:00,12044,EXP61AETWHw3kHSjrJH1jQBt6cXR9Zebz34Cueb3KAzg,2JT9GrgdUKjuQQtXvZqevbjFquUQBMYDoADmBjDKWXj3,True,2890588,722647,4511,2255,2256,HfEnetJ7uBSmZWCjBNxdvv9HEC5nsW4wDV7wu6WnhWan,180460,2099366,-1918906,624
2022-02-21 22:03:22-05:00,12045,HXMjB1tdGJUtjXi5sQon6m4XJjfC6X7pdc6jTXApyjsH,CFcAoXdBVcPW7YYqP5ujq7q94DCsP4dLK2XDSwxQutKy,True,2098185,524546,3281,1640,1641,HfEnetJ7uBSmZWCjBNxdvv9HEC5nsW4wDV7wu6WnhWan,131261,769755,-638494,625
2022-02-21 22:03:25-05:00,12046,2niazdR63iWLyZ3ABWZVAnJiEjVyDyLGo4jZ6wh3j2Zz,4RvU5UtyE5CqMStPciiCTdhYCdaUUfdKSYS5nkATs1qn,True,632972,158243,990,495,495,HfEnetJ7uBSmZWCjBNxdvv9HEC5nsW4wDV7wu6WnhWan,39624,356711,-317087,625
2022-02-21 22:03:26-05:00,12047,GQviUdocJ1s4FsVDDexanvo5yQWRZgwwkGJBCg7TMtJC,HAX4VAKgQpKtm1149iRgtzvUaUkiXWcA1bJ9ERu6tXkd,True,625067,156266,975,487,488,HfEnetJ7uBSmZWCjBNxdvv9HEC5nsW4wDV7wu6WnhWan,39015,352127,-313112,624
2022-02-21 22:03:26-05:00,12048,GHn96Ev7UmKJWqch3H3wzXpRT7qLg5FBuSBJAATVED1f,BXBSUddfz9MThXqk4517M7YVRDGdTm4pC6G4ipT69TMV,True,504412,126103,789,394,395,HfEnetJ7uBSmZWCjBNxdvv9HEC5nsW4wDV7wu6WnhWan,31571,283406,-251835,625
2022-02-21 22:03:32-05:00,12049,6k9unyyhVTrGhAhBrFjgumRfBtKFRBrVaeWtYB56LgEg,3n9VYUH53fxmwFwdYKT9xAZYDzjodhMsJ5iGAoJTqCt4,True,632743,158185,989,494,495,HfEnetJ7uBSmZWCjBNxdvv9HEC5nsW4wDV7wu6WnhWan,39588,356905,-317317,625
2022-02-21 22:03:45-05:00,12050,Cgga7cjzsiecXRFLLf4jnEaGGwzr6qroh36G7kz3tV2t,AhUKdVt6jf8L2p5DbxkYPMAZUFqpz1uKBgPMUBJqEcnz,True,16304875,4076218,25503,12751,12752,HfEnetJ7uBSmZWCjBNxdvv9HEC5nsW4wDV7wu6WnhWan,1020157,4397189,-3377032,625
2022-02-21 22:03:46-05:00,12051,7ayTm4uC5VbtMt9w6g9tFban4fYVwbqCzJZpiFMjmBiB,BvidnEZHHtXVhtgv4qFKThEaFZsFmyAuDVqZQwMppjSg,True,272241138,68060284,425791,212895,212896,3zqXX6kzhkbW3d4TwD2CNjMRwxTbREXySekvq37kfCNk,17031655,204867629,-187835974,625
2022-02-21 22:03:51-05:00,12052,98pwBGgiSDuwuas6WYW2hc9qUxfULwvNE34aixaxbxXY,BLrjKxekjThtJ9rKtQxs1Y4rZ225EE2Q16VkP9TkThyV,True,492770,123192,770,385,385,2BPYaeCXY4BCFSGFSfiGtqmhzJ4fkhYLxGjqFvLCB6hG,30810,280986,-250176,625
2022-02-21 22:04:32-05:00,12053,EDSf2w1UyGvbgMuxyoXL58ifR1dviZinnLBYnFmgjcNG,DFenkzbL9SUjs9cSCaHJ1eXK75mHfk3GSPRFs8TSzrFV,True,3032709,758177,4745,2372,2373,DddJ7EWCmYEEZETCBNgAUSg81Ls6fZtiAaY5ekJ5sXx1,189837,1905340,-1715503,625
2022-02-21 22:04:37-05:00,12054,28JujYG1mbpYSjF7LNqXpup17TXb45VJHhhnFMVXtft2,DAqyVExAtmsovPGrkpkFDxm6T7pKWLztfh9iPjTNDqrd,True,779037,194759,1217,608,609,HfEnetJ7uBSmZWCjBNxdvv9HEC5nsW4wDV7wu6WnhWan,48689,445190,-396501,624
2022-02-21 22:04:39-05:00,12055,G3vArDs7nb18se4xMZ68oMHmTAsYP63x8dfY57jAogwp,EY7J8Hw8jWbryw11CYdPVUSdAoDGGNEfacqghVnJn3JK,True,1821400,455350,2848,1424,1424,HfEnetJ7uBSmZWCjBNxdvv9HEC5nsW4wDV7wu6WnhWan,113952,1040050,-926098,625
2022-02-21 22:04:48-05:00,12056,4Mh9nzgwwnxWJLCNBC9Ntep2Lww6nUoALg6jmC6WoeSz,2sPBsXbpKB9QNQzAMipDMkvAVRE8hQk7vq1oc57kFBkn,True,14326828,3581706,22366,11183,11183,2BPYaeCXY4BCFSGFSfiGtqmhzJ4fkhYLxGjqFvLCB6hG,894644,5487938,-4593294,624
2022-02-21 22:04:52-05:00,12057,33CE2t84MhG7SMsphhZaxvwFVRbK5wcUMUdEw8UBhoq8,DjNko7SbbK9nQT4K5oBWKiSiXiYS9Rv1k5vT3PNiMyaf,True,444068,111017,687,343,344,2BPYaeCXY4BCFSGFSfiGtqmhzJ4fkhYLxGjqFvLCB6hG,27511,333794,-306283,619
2022-02-21 22:04:52-05:00,12058,7FB6X8YgiDn7YK9bZZmcFyzhuvVLVWPCfBbenwMXhx5,2EaDCpL9MpAKuiC2bvUCGRfvqYvgVXGFHXt35QdNakfG,True,445368,111342,687,343,344,2BPYaeCXY4BCFSGFSfiGtqmhzJ4fkhYLxGjqFvLCB6hG,27519,175831,-148312,617
2022-02-21 22:04:52-05:00,12059,2utXC9PmMHh7D9x9wRdyibUHvSUquo96HHKy8F5cBeKY,GabBfvJyVgAUVuCe5sk4UHyC95AWaB4CSJiwWZUKerTd,True,16179080,4044770,24652,12326,12326,3zqXX6kzhkbW3d4TwD2CNjMRwxTbREXySekvq37kfCNk,986112,4798941,-3812829,609
2022-02-21 22:05:25-05:00,12060,Ai6G7vosJfmkRqtDAkqxRtbzELp6P5xe9r2RH3LYcLZt,8SUpKXakmhi4rYiFKnHYpgaAopomfDqEX6Efew9iM6nk,True,2171843644,542960910,3398678,1699339,1699339,3zqXX6kzhkbW3d4TwD2CNjMRwxTbREXySekvq37kfCNk,135947145,791460598,-655513453,625
2022-02-21 22:05:30-05:00,12061,DENsFT6ZdpY49u447xVXjwxo2Cn3vJXjyvUjoyB8Spoc,C2RSabtDfqwrJEezhPZTzy13bubSuXzaJZmXRJfDmAu3,True,50332352,12583087,77994,38997,38997,HfEnetJ7uBSmZWCjBNxdvv9HEC5nsW4wDV7wu6WnhWan,3119792,13711875,-10592083,619
2022-02-21 22:05:32-05:00,12062,AiLCB8xw3k5FXdJE1T42PLFhHrz1bLTKpNekR61a915N,HB7CNWxLipWAc6MPGq9wV4TT7AYjiELA5T3onYeVqBbU,True,1315014,328753,2048,1024,1024,HfEnetJ7uBSmZWCjBNxdvv9HEC5nsW4wDV7wu6WnhWan,81949,1626446,-1544497,623
2022-02-21 22:05:32-05:00,12063,G8nRLTWTT5aD7q7TcSa2mw7p12GUuHDVq5ev4vyXbdKi,3DmQyungZMK4T1a1PgXh5shBskwP69tTLmZPh7HZ76vh,True,95579,23894,147,73,74,3zqXX6kzhkbW3d4TwD2CNjMRwxTbREXySekvq37kfCNk,5907,117248,-111341,618
2022-02-21 22:05:33-05:00,12064,ANXYsUNpZ34dBt7cp6HEE7oi2pTKsbj7B5TeFHKPbHBU,2pqeP4fuMREosHcfWUecEBssp1GM4isihNjn7ALUD51d,True,79595,19898,124,62,62,3zqXX6kzhkbW3d4TwD2CNjMRwxTbREXySekvq37kfCNk,4960,97636,-92676,623
2022-02-21 22:05:33-05:00,12065,Dqnxcekm1QfxGQ2FSJ6SjFiwmaQRWEjW9WTJQG4AjEpE,9JiMtjm5AJqngosRg787FiN8NyuBPuAPD2jYpRQkAc1d,True,85196,21299,132,66,66,2BPYaeCXY4BCFSGFSfiGtqmhzJ4fkhYLxGjqFvLCB6hG,5312,104569,-99257,623
2022-02-21 22:05:33-05:00,12066,6Bq55LtGCEeGqh4JrFLCmmGc2iJfTTBJixivqH78aGSE,DSNrCgWJeNe2P9tAQu5FvCueTzNKDKds7wzuwTQSMRG,True,1724,431,2,1,1,3zqXX6kzhkbW3d4TwD2CNjMRwxTbREXySekvq37kfCNk,107,1984,-1877,620
2022-02-21 22:05:34-05:00,12067,E4hzgCW69WjwBVWvTv4EvyTLT63dVBrS2gXeHCaezPrb,GTxQfXHAj9HTiwu7EwEKAQ1ZKoZDmcBgevJoZUDag1Gr,True,70521887,17630471,109637,54818,54819,3zqXX6kzhkbW3d4TwD2CNjMRwxTbREXySekvq37kfCNk,4385506,27153619,-22768113,621
2022-02-21 22:05:35-05:00,12068,9QZvB1Gqhk5PKt3MoJMjZL3FaU2bTbTDcVw3nF316zh7,DGJWGr9RCWkzdWn21mWG7NyUN8uuvSQbA53HojFJe1rH,True,842208,210552,1301,650,651,3zqXX6kzhkbW3d4TwD2CNjMRwxTbREXySekvq37kfCNk,52061,998016,-945955,618
2022-02-21 22:05:35-05:00,12069,8VQ21PFXdHBNmiZiF18LyGvsRSpr13vkyktfembNCe3m,5exbVC7vaGFeHEGAx7epYfMaU932QafqzfhFm5FKAq2H,True,59163,14790,91,45,46,HfEnetJ7uBSmZWCjBNxdvv9HEC5nsW4wDV7wu6WnhWan,3656,72564,-68908,617
2022-02-21 22:05:55-05:00,12070,AgokoeqypXXfMsjAyBXPRrJFGeP7B7D6SXvnGUTwMdap,53zBz3fTZisWQH1v6NHyhCdpLXx5NaPNp7uW9KPXLDan,True,6224163,1556040,9734,4867,4867,HfEnetJ7uBSmZWCjBNxdvv9HEC5nsW4wDV7wu6WnhWan,389384,3655310,-3265926,625
2022-02-21 22:05:57-05:00,12071,BgNgALwBEuiumVgiXRmBZRnyFrr9QTDy2maHzsNwNHGf,ag35Ec2uFtqkarizCxFyhM2SPBuUwfmLRhAdFEWFCNa,True,725655,181413,1128,564,564,2BPYaeCXY4BCFSGFSfiGtqmhzJ4fkhYLxGjqFvLCB6hG,45158,388096,-342938,622
2022-02-21 22:05:57-05:00,12072,4eba4qAmwfqmihaYvTWFU9hm4VYrKvNhNywHNyimQJNK,G1DyxJcNQD8u4KGfnwxttyrJMfse1FBAsofioEMdTS9U,True,406100,101525,635,317,318,HfEnetJ7uBSmZWCjBNxdvv9HEC5nsW4wDV7wu6WnhWan,25411,501216,-475805,625
2022-02-21 22:05:58-05:00,12073,BH36ueAULprzjj6WabTgvivEcrx3VdDn8DTxSoro8Zym,6yydJKEmtZjUwURrs9gQ7EGkB86nK28ZDJQqNMgbPosA,True,3057677,764418,4774,2387,2387,HfEnetJ7uBSmZWCjBNxdvv9HEC5nsW4wDV7wu6WnhWan,190987,2587286,-2396299,624
2022-02-21 22:06:07-05:00,12074,HkGu9GbjgmWLB22LRyksUYJzCQSuddMZ7SjzSfBPEtPP,5vYmca8XR13M9DT5Vam6sXD43ZGXJmpLsX6aVS4Xagv3,True,13261672,3315418,20752,10376,10376,3zqXX6kzhkbW3d4TwD2CNjMRwxTbREXySekvq37kfCNk,830106,2558434,-1728328,625
2022-02-21 22:06:07-05:00,12075,Go3ne58krEsFsZ5yu9EBT7od15VCYmtbs1KhumRMTiXS,HCvwQ7HjmmeDXrguZQPrAbJjcCJzHqVZK2JMSFkFDWfe,True,22413,5603,35,17,18,2BPYaeCXY4BCFSGFSfiGtqmhzJ4fkhYLxGjqFvLCB6hG,1403,28540,-27137,625
2022-02-21 22:06:11-05:00,12076,AnqmmhzVDCNq4dE4VvYkPDGB9nMXr4ykqvUhwxhR21pd,CcMeofCvvrDaBzgAGzoPwRt5eQmzdB1z2Y6UiwGqhFbG,True,752967,188241,1177,588,589,HfEnetJ7uBSmZWCjBNxdvv9HEC5nsW4wDV7wu6WnhWan,47115,1119352,-1072237,625
2022-02-21 22:06:11-05:00,12077,D6qMab7uevXTa89ssv4BRyHwrw3FYpNimAmX2VH2uf4B,8ZauZ5dAp7kyawkPdxi4mqfempFHubJebfBenQdDektD,True,35780,8945,55,27,28,HfEnetJ7uBSmZWCjBNxdvv9HEC5nsW4wDV7wu6WnhWan,2238,45538,-43300,625
2022-02-21 22:06:12-05:00,12078,3oCun4gm3k8sXxVxiYM8okGi8iCXH9LvDkHf9PBQWYXR,E1np1dZ7jUm811ddvy1jQerBwGSYb5BbZWnUHeotvrfH,True,201827,50456,315,157,158,HfEnetJ7uBSmZWCjBNxdvv9HEC5nsW4wDV7wu6WnhWan,12628,114341,-101713,625
2022-02-21 22:06:15-05:00,12079,CyWBZ1xJ9LahUnPesbXLZ4Rr5UyWAHgVFYwfrnhyrkNL,2Lpk87Xth8ZL5J9BfzmMpEE3x76FDrrrmdKiCNkSVip2,True,408305,102075,638,319,319,HfEnetJ7uBSmZWCjBNxdvv9HEC5nsW4wDV7wu6WnhWan,25545,357956,-332411,625
2022-02-21 22:06:15-05:00,12080,4HDEN1Thxm9RbdE8pXnLP4QksVdXfp7Fa9nAnMRzr7oR,8gD3DbF6VhPTCgk3A4G7iA4f3DPH598Hj7TRJ2FebMCq,True,84420,21105,131,65,66,HfEnetJ7uBSmZWCjBNxdvv9HEC5nsW4wDV7wu6WnhWan,5242,100308,-95066,620
2022-02-21 22:06:15-05:00,12081,CM95f7KjJuAf1xVTWhu3wrp6BfMz116FbgkxBhcRNs4k,EG55wkH5NcoasfBUYhD5D2dc2uvo11dZ3uTu5wgs4gf2,True,114230,28557,177,88,89,3zqXX6kzhkbW3d4TwD2CNjMRwxTbREXySekvq37kfCNk,7091,135004,-127913,620
2022-02-21 22:06:15-05:00,12082,Bbd196A866Y9rQWQFt4YGg2R6Jqj7WQGXWPDmrNtPcKf,5gmWk1KwLoRHnhkjxps4Ad6aVk4ZpcfC3McZCWDVCUbu,True,62669,15667,97,48,49,HfEnetJ7uBSmZWCjBNxdvv9HEC5nsW4wDV7wu6WnhWan,3895,79663,-75768,621
2022-02-21 22:06:15-05:00,12083,5vp63gpRmA7mzAj8czoQsMsNHg1773XwYdwi4f5XC4nE,wqgmuTgVubuFucijWBVJU9tqMgGKHy61DVLEDC46q3H,True,142043678,35510918,221279,110639,110640,HfEnetJ7uBSmZWCjBNxdvv9HEC5nsW4wDV7wu6WnhWan,8851164,32371586,-23520422,623
2022-02-21 22:06:15-05:00,12084,CMVVfXQYALSc58NLD67L8YrJAbDHZ9rFZvYQC7r8Png4,44pytMX14zaEQv6aRQ223CxYB2uTP7VUTQfUY58EkaNB,True,3041348252,760337063,4725494,2362747,2362747,3zqXX6kzhkbW3d4TwD2CNjMRwxTbREXySekvq37kfCNk,189019786,898496525,-709476739,621
2022-02-21 22:06:16-05:00,12085,8XcMucCQpWfNtbdCYnKuabk91NQ9wfYp7byk496CwU9n,DLrApDfWcyMqufEFZm9PvddsMoiediT58X8e8pxpnzrk,True,107158,26789,166,83,83,HfEnetJ7uBSmZWCjBNxdvv9HEC5nsW4wDV7wu6WnhWan,6654,127242,-120588,620
2022-02-21 22:06:16-05:00,12086,GM22yjVoBCzgBcVTT5EcgRhVWiXVV82kSj1dPCbegKWj,CDDy8JmJMwJyx1YAvEPpj8AYxCpngRovf3wWfVzao5Rc,True,38631,9657,59,29,30,HfEnetJ7uBSmZWCjBNxdvv9HEC5nsW4wDV7wu6WnhWan,2392,27148,-24756,619
2022-02-21 22:06:18-05:00,12087,2ZX5NexeuZq25mAfBFDrwd44UfKhWgzmSwdhWFmo48c7,CpNnhSqg7EHn9g84gHoo831sVrAe5SkwNaEZAash4CXs,True,442317,110579,686,343,343,3zqXX6kzhkbW3d4TwD2CNjMRwxTbREXySekvq37kfCNk,27472,547234,-519762,621
2022-02-21 22:06:18-05:00,12088,SCtptafLHdkTiYC3e9sv853xNnusHLpoMPxTc1zUVC8,2HF9ggN6EbkYGz3Ajj7tB8m5YF3Yj77Vy96DMFSz5C7j,True,303401,75850,472,236,236,HfEnetJ7uBSmZWCjBNxdvv9HEC5nsW4wDV7wu6WnhWan,18895,348901,-330006,622
2022-02-21 22:06:19-05:00,12089,DjbEch16uzdDtujFUeqxjquTTS3JXzEys8e9ogUv3aTy,6N8eKb3kfcbJEUZKZERiFiUR4hubB635D8Sotiji2TU8,True,7870466,1967616,12200,6100,6100,3zqXX6kzhkbW3d4TwD2CNjMRwxTbREXySekvq37kfCNk,488024,8771392,-8283368,620
2022-02-21 22:06:19-05:00,12090,9hB3EPuj4SrSrpAzHvExDb6mzh2vNGGVbj7qqfRjeao4,9725jRXGPRUuo1dijvv8mwzvSu1ed4y5hi9FAQNwb8dG,True,1110509,277627,1720,860,860,2BPYaeCXY4BCFSGFSfiGtqmhzJ4fkhYLxGjqFvLCB6hG,68824,1363510,-1294686,619
2022-02-21 22:06:20-05:00,12091,5BJnMHFSiQjHRGFJDW1jnqCfkHHYWnQzmmccy9eA4jNj,9517JGYsPmvgPUM9pFRD2vipHmdgE578F7jA7Qq6jorm,True,1255755,313938,1958,979,979,2BPYaeCXY4BCFSGFSfiGtqmhzJ4fkhYLxGjqFvLCB6hG,78334,842853,-764519,623
2022-02-21 22:06:21-05:00,12092,agiVhhsNiMPzMaNWTHKRZ435HtBjqQvRuReKkpG32pn,HgcU2oCotYPxvGY6M21SbdqhzXJmNPDWEiTCDu4rA5dB,True,469426966,117356741,731812,365906,365906,3zqXX6kzhkbW3d4TwD2CNjMRwxTbREXySekvq37kfCNk,29272485,122297393,-93024908,623
2022-02-21 22:06:23-05:00,12093,F5KeSVqcP3C5G7SLQypv4G89gH5eCyoapPDxhyJdhm1L,CCYEZ6ttzu5PxK2yDg26ATDjMWmthLJo6Sbi7iGgExjY,True,37815552,9453888,58721,29360,29361,HfEnetJ7uBSmZWCjBNxdvv9HEC5nsW4wDV7wu6WnhWan,2348856,17087751,-14738895,621
2022-02-21 22:06:23-05:00,12094,HoJ3Re4BmCYKMJx2RUYtoHfg8ncEy3iFqvWJDGKqfMBV,2qg4FMcurNDVRzXYKwpzEYapxFECnAyU2oGmxQCSf3hf,True,53781,13445,84,42,42,HfEnetJ7uBSmZWCjBNxdvv9HEC5nsW4wDV7wu6WnhWan,3364,68689,-65325,625
2022-02-21 22:06:23-05:00,12095,BMn3FQ6axnUt5K3esCEgoVi8GZAcPCg3YrjcwAFVvTah,HEvRK6CPti7aoTaYExEQAyr9ZyTQ6u4jg5Y2btc7ovdd,True,453215,113303,705,352,353,2BPYaeCXY4BCFSGFSfiGtqmhzJ4fkhYLxGjqFvLCB6hG,28209,148448,-120239,622
2022-02-21 22:06:23-05:00,12096,FkZhhccPu4gveq1JHW6euEKoS7SC2VBgVPy1B99x9tim,2f5UVLjutRnnVyCD64tPo5XCwhzAEoXU6YCmgNRH6uyk,True,4525,1131,7,3,4,2BPYaeCXY4BCFSGFSfiGtqmhzJ4fkhYLxGjqFvLCB6hG,280,5473,-5193,618
2022-02-21 22:06:24-05:00,12097,HUe9LgGBjMeNxGyeCtmXr2XbWVFhHXrvgc2XSqCwN11D,7Z1nR9GgezBXsDX5wW3BBarfMRMZV28rX6MeLRuWtycG,True,1140679,285169,1781,890,891,HfEnetJ7uBSmZWCjBNxdvv9HEC5nsW4wDV7wu6WnhWan,71278,1306096,-1234818,624
2022-02-21 22:06:24-05:00,12098,HRN438yBJSX72GV4E3JYLKpwQcnZXgAoB2VkmgXzEKDE,4jEn7ssEM8ZUjAyaKogEb3uyMmbZJ1a7WGCPNgh1Xfty,True,58831,14707,91,45,46,HfEnetJ7uBSmZWCjBNxdvv9HEC5nsW4wDV7wu6WnhWan,3658,63091,-59433,621
2022-02-21 22:06:24-05:00,12099,AQr9mVmcXCNQhBVCfx63MwR6c4WqDSC9K2BZqr7N8LCx,CB7TWUaL381ounsLw6neAUaKRxJL9P1HC9uGX5e1Uxod,True,33666807,8416701,52581,26290,26291,HfEnetJ7uBSmZWCjBNxdvv9HEC5nsW4wDV7wu6WnhWan,2103247,13716824,-11613577,624
2022-02-21 22:06:24-05:00,12100,8jyD7TX1Ht3jVpTtSsec2YM7PAFq9kgop6xoRTFLEFUA,A4YQqSqtcz1MLrr5qQAGyNC564GbVJ1P3nD8hFz8XXMa,True,1563017,390754,2436,1218,1218,HfEnetJ7uBSmZWCjBNxdvv9HEC5nsW4wDV7wu6WnhWan,97453,1951282,-1853829,623
2022-02-21 22:06:29-05:00,12101,6kscNwPWgKoW7MHRkB4ajxWF3DXLmXjmx9KjDnzikhfs,D49nf79UmrALDKnAa5kf94nZUffzJW7anLm4hVrFG2b4,True,1872985,468246,2918,1459,1459,3zqXX6kzhkbW3d4TwD2CNjMRwxTbREXySekvq37kfCNk,116737,2163330,-2046593,623
2022-02-21 22:06:29-05:00,12102,6VBYUiLyQXvvsDmq1vh1oJ5VeA89tGgxtkgFfofc372m,35pyoeRA4duKX7njdYny3KffM2xaxuWUZGRUMQJ5iAiu,True,7566482,1891620,11801,5900,5901,HfEnetJ7uBSmZWCjBNxdvv9HEC5nsW4wDV7wu6WnhWan,472070,8445820,-7973750,623
2022-02-21 22:06:29-05:00,12103,7DC4vSfzvRkYzhBg9zEgQ3yqpyNDWpDQJjM2vWpP5drW,DbbMNqbVLJsYHdDeo78rjbS4NVGUmWvDXRrT4CtneSC9,True,453687,113421,707,353,354,HfEnetJ7uBSmZWCjBNxdvv9HEC5nsW4wDV7wu6WnhWan,28311,118667,-90356,624
2022-02-21 22:06:30-05:00,12104,CK1SjmBjrW7m1QVZbVZsVZgwEcxw8BTkckkzrZDrDdxW,M6vnBg1TPRhLu7sghkxtf5TkSLw5JhgoDmbGoyEYgR9,True,125282,31320,195,97,98,HfEnetJ7uBSmZWCjBNxdvv9HEC5nsW4wDV7wu6WnhWan,7838,148375,-140537,625
2022-02-21 22:06:32-05:00,12105,CYcgATWjZUXrqxJyVTEMkDBv1eyUjb1TZi2raTd1ujvU,7jefj3noz9JDDnJ74YZL946EPJtywSnPsi7ZpgU4Wj1G,True,15536362,3884090,24050,12025,12025,HfEnetJ7uBSmZWCjBNxdvv9HEC5nsW4wDV7wu6WnhWan,962031,7573419,-6611388,619
2022-02-21 22:06:35-05:00,12106,DakevNrDK5fAUGkLdrWHrsLZm8hEZBqkzUiwJouaDPPY,73nFhK7cygPgwKveXrdXcQVte8n1z3iBe4nmUVTGfFmv,True,4427717,1106929,6846,3423,3423,HfEnetJ7uBSmZWCjBNxdvv9HEC5nsW4wDV7wu6WnhWan,273875,3764353,-3490478,618
2022-02-21 22:06:38-05:00,12107,2eFLHfWwuTKeGn9Xm9VQk1Ae7BA9j3Vs7Kg5Unn3qaXi,3JJCnrCAR4fwYJChZvBzLdgvWs1ogcNqKRWHa6VABbcU,True,38748741,9687184,60625,30312,30313,3zqXX6kzhkbW3d4TwD2CNjMRwxTbREXySekvq37kfCNk,2425012,8529338,-6104326,625
2022-02-21 22:06:38-05:00,12108,GdfY68PQzNyTjnd7Ex4fG7mkmhF2gBnTBMPpyD1Qkh9S,DSGr1DQruEnNrGCCYTEpKmBb71RSwdw9eJHFoYWnCGyS,True,3675656,918914,5726,2863,2863,HfEnetJ7uBSmZWCjBNxdvv9HEC5nsW4wDV7wu6WnhWan,229047,1558047,-1329000,623
2022-02-21 22:06:38-05:00,12109,H458vCw7tnmFmPgmmg1HaMmN35mqfnMSugKxddMgSWfX,E25tbasspnw8yTYh7q2VLG7DSvDH7M8N19eQwAtgQtfV,True,4412549,1103137,6830,3415,3415,3zqXX6kzhkbW3d4TwD2CNjMRwxTbREXySekvq37kfCNk,273207,850658,-577451,619
2022-02-21 22:06:38-05:00,12110,6fqbSyhh3PPdgRcLraHb7Jahj9s1oHHeX3SsjNSsGa6t,GpRUow48TYgttdYfsygbgjYQcmHyYjWETUDjDVphEgwq,True,528084620,132021154,816276,408138,408138,HfEnetJ7uBSmZWCjBNxdvv9HEC5nsW4wDV7wu6WnhWan,32651057,294009459,-261358402,618
2022-02-21 22:06:38-05:00,12111,CcfycMNGUqZLA6EEqtDdftSbQhTL11SYn3LxQqJ23Xgh,Ce7NW9CpB9qGYLf8XUDW49ERutoxtjZSjs54xrzF1fYN,True,106168,26542,163,81,82,HfEnetJ7uBSmZWCjBNxdvv9HEC5nsW4wDV7wu6WnhWan,6546,126323,-119777,616
2022-02-21 22:06:39-05:00,12112,3gdApRPkUGEqmLvTYf4WQJCnmTVmiEU2wCQG26QMpqKf,HpP2yxq3KfYByT4q4p2mLaELnPdW6kmEY9EqZaBZuUNR,True,74607,18651,114,57,57,2BPYaeCXY4BCFSGFSfiGtqmhzJ4fkhYLxGjqFvLCB6hG,4599,88359,-83760,616
2022-02-21 22:06:42-05:00,12113,2TX5VVdU5eEyJvmhZw3kryUeoC7TnKwoTerd8g2y3TPu,5y3GUw6HECEDFf6FshpeqFV2QhCr3EDs4ouYYhWSq4C,True,43001518,10750379,66644,33322,33322,HfEnetJ7uBSmZWCjBNxdvv9HEC5nsW4wDV7wu6WnhWan,2665762,9664244,-6998482,619
2022-02-21 22:06:42-05:00,12114,GqFbV89UYbQ6aEW1bSvGnnsDtTPQfHPTHzisXPhLnaTC,6X7j3nqmugRyVVw83uSzgiPaemEscc8VdsnPEKDz4fg2,True,52342,13085,81,40,41,HfEnetJ7uBSmZWCjBNxdvv9HEC5nsW4wDV7wu6WnhWan,3254,64517,-61263,621
2022-02-21 22:06:42-05:00,12115,82x7nfr1Hq3uG5VN5srbtuhELRyDgTZqC25WngRAPtH1,AsWpENCfnRHzSE19bzTcd2LrfDHog4N3szmV9MPhPmjq,True,1237435423,309358855,1935679,967839,967840,3zqXX6kzhkbW3d4TwD2CNjMRwxTbREXySekvq37kfCNk,77427164,353643871,-276216707,625
2022-02-21 22:06:43-05:00,12116,2YPm4Ex9mNHX4CuNAUjkrXgoLFaZs6r1X6asYYUnvPyj,BatsG1UFq8ryYuFFcdnDyFWFPUV5P6w2VQpRup5oUey5,True,77415,19353,119,59,60,3zqXX6kzhkbW3d4TwD2CNjMRwxTbREXySekvq37kfCNk,4781,92215,-87434,617
2022-02-21 22:06:43-05:00,12117,442usWu6XpJZvU25bqXeynRrQ15jAzWwU9DWMgHpTn3Q,CtvADKp39bjJf3cPKWNL3wxnhq273fVM4fC5DmEcg5cC,True,9046342227,2261585554,14003900,7001950,7001950,HfEnetJ7uBSmZWCjBNxdvv9HEC5nsW4wDV7wu6WnhWan,560156037,2872907485,-2312751448,619
2022-02-21 22:06:44-05:00,12118,CiomzdJ9g2bCskudk28cEU4aTgF6jYaerkiazbB7E3DA,9rxtTBmKoxPzhR4xoRH65Kmi7f3pEp1RanoeQq9V9RU5,True,55064920,13766230,85872,42936,42936,HfEnetJ7uBSmZWCjBNxdvv9HEC5nsW4wDV7wu6WnhWan,3434891,22828455,-19393564,623
2022-02-21 22:06:44-05:00,12119,APbpwRCB9tfma8yoi8upe633XZBtNwc5zVxXVjLwhg8s,BBwryuZZ8msiSFNmGkh13Wgg1PoSutY2Ftgz8odcxPm4,True,591540,147885,921,460,461,HfEnetJ7uBSmZWCjBNxdvv9HEC5nsW4wDV7wu6WnhWan,36848,680568,-643720,622
2022-02-21 22:06:44-05:00,12120,9cRx2sGeqENLrNkvzLSnuD161JshSav6pNg9c7pYLi8f,13ryjUoWLejTLDQKh1m69VFD31onMx8yhzCKhqbeU6s6,True,299931,74982,465,232,233,3zqXX6kzhkbW3d4TwD2CNjMRwxTbREXySekvq37kfCNk,18620,360076,-341456,620
2022-02-21 22:06:45-05:00,12121,BZn1DDE568UHeL2Qniv9EDT1yAAWvPJcTtSw4K4GQx44,CCaroU4YwKvYgibMsRPdEBxeDbzcNC4s5ZthxrhywSm5,True,129036,32259,200,100,100,HfEnetJ7uBSmZWCjBNxdvv9HEC5nsW4wDV7wu6WnhWan,8021,152401,-144380,621
2022-02-21 22:06:45-05:00,12122,BmLG3dPSnL9hL2okZcNVsHgzuWYCrWLdXW8z5Jd2gyvF,HXwhov5Re9b8D4XHULcVSdgBNfbtZ7KMhMRqSTcQTbno,True,167610,41902,261,130,131,HfEnetJ7uBSmZWCjBNxdvv9HEC5nsW4wDV7wu6WnhWan,10449,207721,-197272,623
2022-02-21 22:06:45-05:00,12123,9vC7YwGGXVbXk3keohtvH5H64CH4PS5hwJS7Yxc29qFD,HpC4HuGcfF5BWxd3bXgzs3E4EGSB8nYKWQtVmv2d5TgT,True,7641172,1910293,11942,5971,5971,HfEnetJ7uBSmZWCjBNxdvv9HEC5nsW4wDV7wu6WnhWan,477718,2834546,-2356828,625
2022-02-21 22:06:45-05:00,12124,ESoDMPSSLWdp6Fr9R6HhJqr7MngDXp37pRXscqT3MY2X,6mEZ1GV1rQPNvuUC8cwsWJ8CMbm4E15MukXUnYrCA96G,True,606531546,151632886,944923,472461,472462,HfEnetJ7uBSmZWCjBNxdvv9HEC5nsW4wDV7wu6WnhWan,37796930,257188313,-219391383,623
2022-02-21 22:06:47-05:00,12125,HEFpdWLZaiQnjftmXgxs6RNzhH72YiMjortxPkKekkvb,5Q8mmxBgVTijNGrWsnoA3VMArLHZEX5MkaigYXHpgXHE,True,1163824,290955,1819,909,910,HfEnetJ7uBSmZWCjBNxdvv9HEC5nsW4wDV7wu6WnhWan,72790,649962,-577172,625
2022-02-21 22:06:53-05:00,12126,4ne6vC7qdxQYHJCsaeFAKZrKdFt2SwXGHQ3jrMHqt4DL,Cf1dLHY2WXH9rXbRKq5TT8THbdo9SdNUZq4rYhRCF9z,True,85865,21466,132,66,66,HfEnetJ7uBSmZWCjBNxdvv9HEC5nsW4wDV7wu6WnhWan,5318,66596,-61278,619
2022-02-21 22:06:53-05:00,12127,Dng7By2saPu5TVxcvXidBe71ggBo8tiHkAXPi4kKL1tk,75ufEJmHbLHffphL7tvAXhGyftKLr1z2PXXoB2GGY5fG,True,2161831,540457,3376,1688,1688,HfEnetJ7uBSmZWCjBNxdvv9HEC5nsW4wDV7wu6WnhWan,135051,1062330,-927279,624
2022-02-21 22:07:04-05:00,12128,EAtQUZAkQxwJF779DwPcWHZ455FzYX8mzm1uV5LBnhPB,8h8t6GW1Y7xMBfWpfyFfUVBP4apMbJVNg7igZUYZLsyr,True,523968,130992,817,408,409,HfEnetJ7uBSmZWCjBNxdvv9HEC5nsW4wDV7wu6WnhWan,32700,310368,-277668,624
2022-02-21 22:07:11-05:00,12129,EXP61AETWHw3kHSjrJH1jQBt6cXR9Zebz34Cueb3KAzg,2JT9GrgdUKjuQQtXvZqevbjFquUQBMYDoADmBjDKWXj3,True,2124795,531198,3301,1650,1651,2BPYaeCXY4BCFSGFSfiGtqmhzJ4fkhYLxGjqFvLCB6hG,132047,1614373,-1482326,621
2022-02-21 22:07:44-05:00,12130,HXMjB1tdGJUtjXi5sQon6m4XJjfC6X7pdc6jTXApyjsH,CFcAoXdBVcPW7YYqP5ujq7q94DCsP4dLK2XDSwxQutKy,True,1542167,385541,2412,1206,1206,HfEnetJ7uBSmZWCjBNxdvv9HEC5nsW4wDV7wu6WnhWan,96508,606851,-510343,625
2022-02-21 22:08:02-05:00,12131,GQviUdocJ1s4FsVDDexanvo5yQWRZgwwkGJBCg7TMtJC,HAX4VAKgQpKtm1149iRgtzvUaUkiXWcA1bJ9ERu6tXkd,True,459526,114881,719,359,360,HfEnetJ7uBSmZWCjBNxdvv9HEC5nsW4wDV7wu6WnhWan,28765,272875,-244110,625
2022-02-21 22:08:03-05:00,12132,2niazdR63iWLyZ3ABWZVAnJiEjVyDyLGo4jZ6wh3j2Zz,4RvU5UtyE5CqMStPciiCTdhYCdaUUfdKSYS5nkATs1qn,True,465208,116302,727,363,364,HfEnetJ7uBSmZWCjBNxdvv9HEC5nsW4wDV7wu6WnhWan,29113,276450,-247337,625
2022-02-21 22:08:17-05:00,12133,GHn96Ev7UmKJWqch3H3wzXpRT7qLg5FBuSBJAATVED1f,BXBSUddfz9MThXqk4517M7YVRDGdTm4pC6G4ipT69TMV,True,370638,92659,577,288,289,HfEnetJ7uBSmZWCjBNxdvv9HEC5nsW4wDV7wu6WnhWan,23111,219659,-196548,623
2022-02-21 22:08:20-05:00,12134,6k9unyyhVTrGhAhBrFjgumRfBtKFRBrVaeWtYB56LgEg,3n9VYUH53fxmwFwdYKT9xAZYDzjodhMsJ5iGAoJTqCt4,True,464895,116223,723,361,362,2BPYaeCXY4BCFSGFSfiGtqmhzJ4fkhYLxGjqFvLCB6hG,28936,276588,-247652,622
2022-02-21 22:08:30-05:00,12135,7ayTm4uC5VbtMt9w6g9tFban4fYVwbqCzJZpiFMjmBiB,BvidnEZHHtXVhtgv4qFKThEaFZsFmyAuDVqZQwMppjSg,True,200097682,50024420,313067,156533,156534,HfEnetJ7uBSmZWCjBNxdvv9HEC5nsW4wDV7wu6WnhWan,12522692,157484966,-144962274,625
2022-02-21 22:08:31-05:00,12136,98pwBGgiSDuwuas6WYW2hc9qUxfULwvNE34aixaxbxXY,BLrjKxekjThtJ9rKtQxs1Y4rZ225EE2Q16VkP9TkThyV,True,362090,90522,563,281,282,HfEnetJ7uBSmZWCjBNxdvv9HEC5nsW4wDV7wu6WnhWan,22552,217673,-195121,622
2022-02-21 22:08:32-05:00,12137,EDSf2w1UyGvbgMuxyoXL58ifR1dviZinnLBYnFmgjcNG,DFenkzbL9SUjs9cSCaHJ1eXK75mHfk3GSPRFs8TSzrFV,True,2227428,556857,3449,1724,1725,HfEnetJ7uBSmZWCjBNxdvv9HEC5nsW4wDV7wu6WnhWan,137988,1471720,-1333732,619
2022-02-21 22:08:34-05:00,12138,G3vArDs7nb18se4xMZ68oMHmTAsYP63x8dfY57jAogwp,EY7J8Hw8jWbryw11CYdPVUSdAoDGGNEfacqghVnJn3JK,True,1338350,334587,2085,1042,1043,HfEnetJ7uBSmZWCjBNxdvv9HEC5nsW4wDV7wu6WnhWan,83404,805678,-722274,623
2022-02-21 22:08:34-05:00,12139,28JujYG1mbpYSjF7LNqXpup17TXb45VJHhhnFMVXtft2,DAqyVExAtmsovPGrkpkFDxm6T7pKWLztfh9iPjTNDqrd,True,572403,143100,889,444,445,3zqXX6kzhkbW3d4TwD2CNjMRwxTbREXySekvq37kfCNk,35597,344849,-309252,621
2022-02-21 22:08:34-05:00,12140,2utXC9PmMHh7D9x9wRdyibUHvSUquo96HHKy8F5cBeKY,GabBfvJyVgAUVuCe5sk4UHyC95AWaB4CSJiwWZUKerTd,True,11918747,2979686,18647,9323,9324,DddJ7EWCmYEEZETCBNgAUSg81Ls6fZtiAaY5ekJ5sXx1,745897,3821088,-3075191,625
2022-02-21 22:08:36-05:00,12141,AjWfwwad4vf9c4M2N43AaU6KhLqPL7qXpyXmq22Mw4pX,93FW4JdWdq6eaAzZk9MnrMCCryK4Q5VPnejWQtWvwLc,True,498861,124715,779,389,390,2BPYaeCXY4BCFSGFSfiGtqmhzJ4fkhYLxGjqFvLCB6hG,31194,198422,-167228,625
2022-02-21 22:09:34-05:00,12142,9Wzu7BWPgx9JRwuituo7vxNXVkpRA7C5W62CATnPpy6Q,GYPiAfGtfkMjDKdi6MrM7VXzpSwPnp2qWwwCX4iFGVtq,True,64741791,16185447,101162,50581,50581,2BPYaeCXY4BCFSGFSfiGtqmhzJ4fkhYLxGjqFvLCB6hG,4046513,50276554,-46230041,625
2022-02-21 22:10:27-05:00,12143,BCGTaPQxGEMjD7xUxwfwmVVYJ9CEGH33yJRi3QjwyiLE,JBct1cZ9a959UKwABBEefwxZnGTAAGLzyUdXrXqGGCZd,True,392815,98203,614,307,307,HfEnetJ7uBSmZWCjBNxdvv9HEC5nsW4wDV7wu6WnhWan,24563,225761,-201198,625
2022-02-21 22:12:32-05:00,12144,57Vsw8jXaaoLriYEkvPAVyq66r4a4zMfLWbDaTBMjFzC,7AVDWUTHa6729UkXgCXASphSmrLvXYGAA9ygTMSqvwvY,True,63303,15825,99,49,50,HfEnetJ7uBSmZWCjBNxdvv9HEC5nsW4wDV7wu6WnhWan,3962,77726,-73764,625
2022-02-21 22:12:33-05:00,12145,75NA5QiXEHG4caSB9BpafGZPA9eT9S6MhKTFM6eHjz8H,FmoxAVw2zdG6qbyaXKy6gsvi1XY8ZVbSgUNbjsp9EpVd,True,132123,33030,206,103,103,HfEnetJ7uBSmZWCjBNxdvv9HEC5nsW4wDV7wu6WnhWan,8252,150548,-142296,624
2022-02-21 22:13:14-05:00,12146,ENAmMM4RjpnDq6ErvdytJNMpbhpmMbepALdoaYESCES9,4hv9KVDTcKtmutUaYQoehWZ32b3GzT6ydQAy19jdfqyX,True,84993095,21248273,132989,66494,66495,3zqXX6kzhkbW3d4TwD2CNjMRwxTbREXySekvq37kfCNk,5319577,19186482,-13866905,625
2022-02-21 22:13:16-05:00,12147,51VhgthsxrRRr2PT5gLnDfL1A3soqwCxA1UzH9vRUGTh,4QCcd7hfsydQ63LH7Lqsp8oVXw7HuKamzQf8VMH6Lgu2,True,99257,24814,155,77,78,HfEnetJ7uBSmZWCjBNxdvv9HEC5nsW4wDV7wu6WnhWan,6207,117749,-111542,625
2022-02-21 22:13:17-05:00,12148,JDg1bbHkYeznDUtSBLhagRJ45aSzeSF5V8iDRJCay9wL,8n7ic28zq5PjJtRcM7Fcy5vLW2YVXw4EWMK6UAt2zh3V,True,1442583,360645,2251,1125,1126,HfEnetJ7uBSmZWCjBNxdvv9HEC5nsW4wDV7wu6WnhWan,90054,1711866,-1621812,624
2022-02-21 22:13:17-05:00,12149,Fs8MQLaMyr1Q96HsZivKLY7Kjdeu2ZoB2n3VTZ15KbSn,DREfCs5CTVNUUF8H3hD8CWvtxztiYxoLYh8HUWDecMyZ,True,2000782,500195,3125,1562,1563,HfEnetJ7uBSmZWCjBNxdvv9HEC5nsW4wDV7wu6WnhWan,125028,2454116,-2329088,624
2022-02-21 22:13:17-05:00,12150,yWK6vFZq58uYYiHscQTPSBqTDrWEW1SVbqe8NszoTEN,6H1zT5ifGaMKjdvZmptuDYf4Vou7tntdZQPVzQ4hWyjg,True,1569806,392451,2453,1226,1227,HfEnetJ7uBSmZWCjBNxdvv9HEC5nsW4wDV7wu6WnhWan,98136,1155925,-1057789,625
2022-02-21 22:13:22-05:00,12151,Gk4mpwDEggypoPjyrZcFDbHT8WBwspC5AbQ5uDgaQufL,GTDi3mKTcw1NfwbYx8s8YCkzqbaJUM8YUwYifNr9sjgH,True,11534172,2883543,17940,8970,8970,HfEnetJ7uBSmZWCjBNxdvv9HEC5nsW4wDV7wu6WnhWan,717610,9172671,-8455061,622
2022-02-21 22:13:23-05:00,12152,52hhBAuVyifMNFKGQmSitc8smiEgscXQMzVuZj55j7E5,6B5DBJx9NLytR3fkrYqe5W5ek4rUWsR4nPsRTvRfRwzC,True,2130220,532555,3325,1662,1663,HfEnetJ7uBSmZWCjBNxdvv9HEC5nsW4wDV7wu6WnhWan,133032,2613783,-2480751,624
2022-02-21 22:13:23-05:00,12153,9XHC2Ycm9f56cDYxRPVKYiYWGKA4y7Utpv3e9gpMsZq3,HpqAdpkzWqoJUNqmHEnn4PZwSB6C6jt8FJZQtZtFqXWA,True,568945,142236,888,444,444,HfEnetJ7uBSmZWCjBNxdvv9HEC5nsW4wDV7wu6WnhWan,35548,654355,-618807,624
2022-02-21 22:13:23-05:00,12154,CxePQ6ZEn2NCLYgGegSeFX1PyBuczP9j5v131VQSPh1c,9gPk7qTRb5JHqBXRKp3uZfhA2VjQAJDQHTzYXGLUdAUC,True,115318,28829,178,89,89,2BPYaeCXY4BCFSGFSfiGtqmhzJ4fkhYLxGjqFvLCB6hG,7148,137008,-129860,619
2022-02-21 22:13:23-05:00,12155,4hyYkR4vX3HuybAHHKyLgfseU7qBB5r5xYZ3Ye4ssNaM,8EKhsSKPiaueXNNgPqpyNkAy64bVYaRqiJE1CdryT9wW,True,17052107,4263026,26564,13282,13282,HfEnetJ7uBSmZWCjBNxdvv9HEC5nsW4wDV7wu6WnhWan,1062579,5100029,-4037450,623
2022-02-21 22:13:23-05:00,12156,3EgUBHBeKWegibDcCsTGaGehnwHYvpMbcPaT1UTbwQ49,Hxd4dsnLD8uHnG7KR7GVmKXBcpN1egMUvoTccPvBcaYA,True,2116442,529110,3298,1649,1649,HfEnetJ7uBSmZWCjBNxdvv9HEC5nsW4wDV7wu6WnhWan,131922,2594619,-2462697,623
2022-02-21 22:13:24-05:00,12157,6kZoofhL5S3U8aQU2VW2TDRZdiBYo1e1o8AUSbSttsAy,4zUpycP3EDmXrC1qjmnHuymGVoBjXQT6yAkvKGW9Gext,True,56008124,14002031,86635,43317,43318,3zqXX6kzhkbW3d4TwD2CNjMRwxTbREXySekvq37kfCNk,3465431,18606754,-15141323,618
2022-02-21 22:13:24-05:00,12158,C8EuUJigyRy2ojSuZtDSnc4JxmVqoe5XTr4xaPPmKsyV,6PrUiT94hGcBm2AvkmkrnRnjXkR8WxmtJcvSapde3J1P,True,852320027,213080006,1331578,665789,665789,3zqXX6kzhkbW3d4TwD2CNjMRwxTbREXySekvq37kfCNk,53263156,1596466518,-1543203362,624
2022-02-21 22:13:24-05:00,12159,7EtGovzHsbD8cKGqq4R5rvKBbncR4Kc7CDkTjof2QBMf,8ShjeNWM2vcvUF9yYztYCHUQfcGsyg2A1LyWiPbQDDvq,True,12346,3086,19,9,10,HfEnetJ7uBSmZWCjBNxdvv9HEC5nsW4wDV7wu6WnhWan,766,15150,-14384,620
2022-02-21 22:13:24-05:00,12160,FMdKLXhQEnNJtvM17ZX8jhaeMaSD9UgDuN3Kw7kMrd7K,5pURHYWB5LUGwJmWVBGH8p6oyR9NJvXnZk7uDVoiassv,True,1845270432,461317606,2877035,1438517,1438518,HfEnetJ7uBSmZWCjBNxdvv9HEC5nsW4wDV7wu6WnhWan,115081430,481767906,-366686476,623
2022-02-21 22:13:24-05:00,12161,7A1v7bFDJwxM7XomePFyRh58SMHxrNSkM3fJygd8pQUN,DL9jCFHaM8BXJ5KE1YJHXNCbXgSdRgt18MHhAgC6TNmg,True,154358,38589,238,119,119,HfEnetJ7uBSmZWCjBNxdvv9HEC5nsW4wDV7wu6WnhWan,9554,176343,-166789,618
2022-02-21 22:13:24-05:00,12162,68qWTKE41JPQMbF7zwqoELSVn2XbjcUMA4UTfER4fcz6,HrDYnhxX1Gm72Kq9H9k44xUfxqELLkC2yoEkkR3LEEHM,True,39073791,9768447,60611,30305,30306,3zqXX6kzhkbW3d4TwD2CNjMRwxTbREXySekvq37kfCNk,2424454,28453159,-26028705,620
2022-02-21 22:13:25-05:00,12163,AeKNHJsY5gWwZZZPvgqZb7TAoS25fQ3pW81QFNeA992E,4ja9TG6tRbQ1xNquFNWdpHWaqdqzbNuZJdu9SyKXB5wV,True,4747822,1186955,7361,3680,3681,HfEnetJ7uBSmZWCjBNxdvv9HEC5nsW4wDV7wu6WnhWan,294471,1774127,-1479656,620
2022-02-21 22:13:26-05:00,12164,4VLzPZLrANH51Du4wmtBSkCpNiQagXohpZZiiX4pB8dp,EcAxuRg6B95S95A9CfKM6wrno5zztAa8h13izv8U6Z7,True,4346027,1086506,6715,3357,3358,HfEnetJ7uBSmZWCjBNxdvv9HEC5nsW4wDV7wu6WnhWan,268616,912589,-643973,618
2022-02-21 22:13:26-05:00,12165,Ew46nMa9TojSd6MHZjJm79LbLKzF2RbheniWUyBHuXvn,FjzRjSD6qiXcwwFXsFfmKGZbfmfZEYPpqrjc4RAX2Tt,True,260766186,65191546,407383,203691,203692,3zqXX6kzhkbW3d4TwD2CNjMRwxTbREXySekvq37kfCNk,16295325,90267564,-73972239,624
2022-02-21 22:13:26-05:00,12166,3PPCwAjj8GNphb3cRs7kP1QVghEUX6gWUH3M4JarQsTD,28UR4WKAziiJmPwas5E5JrY3WaUrR2NkYYXCKuxPHTMR,True,17068066,4267016,26308,13154,13154,2BPYaeCXY4BCFSGFSfiGtqmhzJ4fkhYLxGjqFvLCB6hG,1052326,19618195,-18565869,616
2022-02-21 22:13:26-05:00,12167,8HWpccoTmPZ9MsrxtvQ5BV5y8a8WBAB1Sxx2WAiYKRLH,9chtr2Nqg77CCCnjC5JqENmUBNxpDHVH6BG3wojn9gHQ,True,71231,17807,110,55,55,HfEnetJ7uBSmZWCjBNxdvv9HEC5nsW4wDV7wu6WnhWan,4418,88603,-84185,620
2022-02-21 22:13:26-05:00,12168,HGAFdundf5voDqeh9g7d6Q9mgMf8eEg898QMRBqwPZ6C,deanBuZXWBHEe2TGfP37S9aMBEnEgmZoyRJjAvruzfA,True,54436,13609,84,42,42,HfEnetJ7uBSmZWCjBNxdvv9HEC5nsW4wDV7wu6WnhWan,3374,70379,-67005,619
2022-02-21 22:13:26-05:00,12169,8d4LtUwpkNSKRUdFbxhbeeaVc8hABhwjUExt3QgEVQbz,BieULGWXC1yEtuK9y27SMo9ApNDo6jLjxs5egr1Ebsda,True,316670,79167,485,242,243,HfEnetJ7uBSmZWCjBNxdvv9HEC5nsW4wDV7wu6WnhWan,19430,399481,-380051,613
2022-02-21 22:13:26-05:00,12170,69cFodpUtBD5aVvTrRPR2UvhNovtbt1ujzjrWCMRptzZ,CyoTMUR3tjL4JeuA4Zp4mTzLYHigjrtp1MWtD3iraXVq,True,53018988,13254747,82269,41134,41135,HfEnetJ7uBSmZWCjBNxdvv9HEC5nsW4wDV7wu6WnhWan,3290771,14560031,-11269260,620
2022-02-21 22:13:27-05:00,12171,HfwGSiwGiyDFaTS2usYRp82zSmPPQqZukbw2d1BuFs5w,ArtgZbmA33k8Y3EfR6oMJiqT72MUrVBQqifPBdcnrzea,True,38190,9547,58,29,29,2BPYaeCXY4BCFSGFSfiGtqmhzJ4fkhYLxGjqFvLCB6hG,2351,29602,-27251,615
2022-02-21 22:13:27-05:00,12172,6A96z21JsmrTkrR993G3kmjv4mkaQj3E85HZ2smcyyqz,HSKt8EiWmzgWcLSEiZvFZVQYHinJKVpsJhAzFfRranzf,True,264350917,66087729,412573,206286,206287,3zqXX6kzhkbW3d4TwD2CNjMRwxTbREXySekvq37kfCNk,16502949,79076845,-62573896,624
2022-02-21 22:13:27-05:00,12173,FwTGq3BeMLyRFRa5r4E6nySLgoLNcNdqJsCQxA2i6uh6,88w6ti3WSriyu2FvNjVfrLpGyU5PUvaiJyqrAGPM8TKp,True,61214,15303,93,46,47,HfEnetJ7uBSmZWCjBNxdvv9HEC5nsW4wDV7wu6WnhWan,3755,75269,-71514,613
2022-02-21 22:13:28-05:00,12174,5cF5fArh7avaBqRfz8XPrBbn7uMfCkdjVrgAaFXdh7bW,3Wur3gBSbyiuhoNiPGEM18ryxoATHCF9vfn6awt739XS,True,47203,11800,72,36,36,HfEnetJ7uBSmZWCjBNxdvv9HEC5nsW4wDV7wu6WnhWan,2882,16705,-13823,610
2022-02-21 22:13:30-05:00,12175,2dm92uFR4iRK6BaXt5sGWZiFAFXMUDHphr9ENjrBNDMx,HjUUKnmbvGwAmzVxMecrY4o8EgfWCzvKukCQRzUggvX8,True,497060,124265,762,381,381,HfEnetJ7uBSmZWCjBNxdvv9HEC5nsW4wDV7wu6WnhWan,30518,95960,-65442,613
2022-02-21 22:13:30-05:00,12176,Bnt8TsEETmyJCABJXeBY2HLsXEyZZWCZT1QpqUErQJ9a,HEvMM7yt9ddj19rnLtK7fXqLUCFEVzA6YQ3w56LJjTLB,True,16439694,4109923,25373,12686,12687,HfEnetJ7uBSmZWCjBNxdvv9HEC5nsW4wDV7wu6WnhWan,1014953,16627998,-15613045,617
2022-02-21 22:13:30-05:00,12177,6K4ZBJDMWeKYHHHSouBVGb95qjKPNKyu62ahgMyhaPSS,ErHUBFxH7pTmeVDg3W6RcGQYoXJpcb1HhssGzANWfPmq,True,2999043,749760,4692,2346,2346,HfEnetJ7uBSmZWCjBNxdvv9HEC5nsW4wDV7wu6WnhWan,187701,1191848,-1004147,625
2022-02-21 22:13:30-05:00,12178,9bvCk8TP3xSu52mvCGrhL2UtCYvJqXqrU2sEEkqusvqc,FZXwdLW4Gyb6HGCJdTX18FbhPDVU7Hdk88hQrvMu8k4t,True,420899,105224,651,325,326,HfEnetJ7uBSmZWCjBNxdvv9HEC5nsW4wDV7wu6WnhWan,26053,79766,-53713,618
2022-02-21 22:13:30-05:00,12179,6b7Ro2myM4HcUDqyyW9NEqTWPz8BWpH4eNFSQQci37So,7r7j7rSsa6YZcTuRPfs3KP44MVqUA4Q5NeJGmx84wbHq,True,5907,1476,9,4,5,HfEnetJ7uBSmZWCjBNxdvv9HEC5nsW4wDV7wu6WnhWan,368,7605,-7237,622
2022-02-21 22:13:30-05:00,12180,DCkjozrctZPab1pNCaqcQNi9bNoYPiSpSC4H5jgF5oHr,2mtV7geyySRvNLXBF2eewzFUKeJLVikximahH4M6ttjb,True,337056,84264,526,263,263,HfEnetJ7uBSmZWCjBNxdvv9HEC5nsW4wDV7wu6WnhWan,21058,105879,-84821,624
2022-02-21 22:13:30-05:00,12181,6aW9dhnTNerVd1MPv5GrcYqgjVPE9LsNCGYSJSrNdgS8,8kmJu2UxTk2T37sqxDSrf6pDWhJZRxfRdJB7DLeoWddJ,True,3801970,950492,5881,2940,2941,2BPYaeCXY4BCFSGFSfiGtqmhzJ4fkhYLxGjqFvLCB6hG,235255,4547589,-4312334,618
2022-02-21 22:13:32-05:00,12182,aTkGURJptmKNNP6RSXSWsmVbfcriSAJaMuUiT2eZEfb,5qoGxL83PLhrguyk27X8xE6jGitRg5BaQpXzrcfEvCfJ,True,134598202,33649550,209482,104741,104741,3zqXX6kzhkbW3d4TwD2CNjMRwxTbREXySekvq37kfCNk,8379315,30682064,-22302749,622
2022-02-21 22:13:34-05:00,12183,2rLWe1XADCU93guPU6WgSW6x56gYNfif9bm11V93mJnv,BEGhQRm3fgSHeBtk2DYrXEBPKPRvS3sHyTNopmoBJxMs,True,105837676,26459419,165212,82606,82606,2BPYaeCXY4BCFSGFSfiGtqmhzJ4fkhYLxGjqFvLCB6hG,6608495,89643882,-83035387,624
2022-02-21 22:13:39-05:00,12184,EYt1Pzqfwnd4iXSmcpw4T3Edmm1y3GnRhCjcQEEK4Atj,EHqporfvvfg7UQPsjv5tsgZE8u9yyRuEU2DdLpQeXy85,True,43689899,10922474,68360,34180,34180,3zqXX6kzhkbW3d4TwD2CNjMRwxTbREXySekvq37kfCNk,2734422,23525036,-20790614,625
2022-02-21 22:13:39-05:00,12185,HQFH65hxhAwbGbP4pSCV4PJj2Ec2cyrk6c8XmShJaHp2,DQ9hhWS4FBCZytmfjdAh3Fo15Vkz9hQ4NRuLXF9Y6XTn,True,1844341,461085,2851,1425,1426,HfEnetJ7uBSmZWCjBNxdvv9HEC5nsW4wDV7wu6WnhWan,114072,642781,-528709,618
2022-02-21 22:13:41-05:00,12186,Cd9Ve6KzV4wi965kEL74etsebNZBPwpJgFjgDTvmEfkn,E5EFQLWZ7dJ2BpRT7MXdKjnSb1b8WU3eXwC4zKVpshxT,True,2712666,678166,4229,2114,2115,HfEnetJ7uBSmZWCjBNxdvv9HEC5nsW4wDV7wu6WnhWan,169165,1014295,-845130,623
2022-02-21 22:13:42-05:00,12187,4oop1mjCh1Ao9NoWAUacAGc75GxiRTXr8KJ3NtzZ7btf,BfntjUunXBhnrKmocQ7pZr3wwxruRGudMyWQYC2MUhei,True,199103,49775,309,154,155,2BPYaeCXY4BCFSGFSfiGtqmhzJ4fkhYLxGjqFvLCB6hG,12382,240874,-228492,621
2022-02-21 22:13:42-05:00,12188,2aK454FrEuA6JQZo2hLUabd4E6wyQtVuJWw2rWz2pGVy,3dJvhEh7kykf8hCCWQRarh2s5ybJUAzbaPdDUmX4XokW,True,15761294,3940323,24521,12260,12261,HfEnetJ7uBSmZWCjBNxdvv9HEC5nsW4wDV7wu6WnhWan,980862,4367084,-3386222,622
2022-02-21 22:13:43-05:00,12189,23FjS7S6hwPkaBsziThnqwAqy3dZvDYvNLdCKfxp7Jr4,CpGixAiKhjCWJ8tD8hWxuSUeU7mQeoZU5TVdqsAEMvLQ,True,4524655,1131163,6970,3485,3485,HfEnetJ7uBSmZWCjBNxdvv9HEC5nsW4wDV7wu6WnhWan,278806,7916680,-7637874,616
2022-02-21 22:13:43-05:00,12190,53tYUt45c6PxePsJATHbxxbFWbwdCuALHZ3XN78GkeqK,7Z2E7hoXSEbks1CHEjeKhiB9wtgkdG2YQhiVXbFAqRz9,True,256798373,64199593,399845,199922,199923,3zqXX6kzhkbW3d4TwD2CNjMRwxTbREXySekvq37kfCNk,15993827,76880909,-60887082,622
2022-02-21 22:13:45-05:00,12191,8cXAnowZuN2CLQ78fU88zXq1zVAMJquiVygnKnCCS5mL,J6jxYGAotuJ78zRDBmA6xqKJ3VoFuX7VAE4j4R3wfTfa,True,5256139,1314034,8171,4085,4086,2BPYaeCXY4BCFSGFSfiGtqmhzJ4fkhYLxGjqFvLCB6hG,326862,1220934,-894072,621
2022-02-21 22:13:48-05:00,12192,EBpxGcrs4eWAbBU5rEjFxbr24MjUstZQRMV9jK4q8kMp,EYVd6pztEuz8PC7rUnJ1AjVZ81WWpynyn2qEKtveqrHG,True,84282,21070,130,65,65,2BPYaeCXY4BCFSGFSfiGtqmhzJ4fkhYLxGjqFvLCB6hG,5201,103803,-98602,617
2022-02-21 22:13:57-05:00,12193,52pCCDDTo6uQhENab7rCsqS5ZihDDBmMSTQdCj8QLoea,GZh4ev3p6RrDRo98WfQQ7ZzzMBbqWF9gj9WbicU7YWD4,True,32182385,8045596,50337,25168,25169,3zqXX6kzhkbW3d4TwD2CNjMRwxTbREXySekvq37kfCNk,2013517,12018798,-10005281,625
2022-02-21 22:14:21-05:00,12194,72F3iHXabQD5CDurG76r2riHaH8xGcKRqgBkDpmUnNMn,6Wue3rtmyr1RrEgDoK23ehAjymtLE8AYT2niknNe8Z7M,True,42470318,10617579,66151,33075,33076,3zqXX6kzhkbW3d4TwD2CNjMRwxTbREXySekvq37kfCNk,2646040,9175722,-6529682,623
2022-02-21 22:14:26-05:00,12195,FtF3PVw8YNJseWPMcA2GEuQZ6nni1mq5kYPa2LrSzfkW,4yr1TM2dXrBvLNMpSaoryuGU2P8D3WG1ZCkvVzWFiQRH,True,2640124351,660031086,4130193,2065096,2065097,HfEnetJ7uBSmZWCjBNxdvv9HEC5nsW4wDV7wu6WnhWan,165207744,1057264386,-892056642,625
2022-02-21 22:14:26-05:00,12196,BZxJ6CtrVoiU86DMMieMeDFLNWtMpHGTvZfM7nyay6o4,6CRxRR8bisRLHFJBFWjyumYuy7j4C4PkjYH1K8gXhdWD,True,35793866,8948466,55848,27924,27924,HfEnetJ7uBSmZWCjBNxdvv9HEC5nsW4wDV7wu6WnhWan,2233931,8837612,-6603681,624
2022-02-21 22:14:48-05:00,12197,GNAF5idAQPZCjLWocauGts1j3phyrriRBdJtjEiaBM5M,CW9bc15d5wjq9cQtmVcc71rXi7irZarHMhe1CRMhXAMk,True,1204508,301127,1879,939,940,HfEnetJ7uBSmZWCjBNxdvv9HEC5nsW4wDV7wu6WnhWan,75190,866682,-791492,624
2022-02-21 22:14:48-05:00,12198,AyvbTEsXMsth6rasuUckA7c5Sj1ddRi2hkAyxZsABbfw,B5Y7cDBh6tNWzSgrdqukc5NNaKDjzsdWxPgZhjuQrQnK,True,25657776,6414444,40072,20036,20036,3zqXX6kzhkbW3d4TwD2CNjMRwxTbREXySekvq37kfCNk,1602882,6877011,-5274129,624
2022-02-21 22:14:48-05:00,12199,HukFwJRwbT4R5P1YBDg61HphUfBHLiiawpvwf7C8VYzR,ATQqXSEQcZJL1hjfbQZ2ihUuRbxG6fJppJhv7ycWEhPd,True,96292068,24073017,150095,75047,75048,HfEnetJ7uBSmZWCjBNxdvv9HEC5nsW4wDV7wu6WnhWan,6003825,92976328,-86972503,623
2022-02-21 22:14:48-05:00,12200,22JE5fm9AfMDb7trY9333TRh4PyNmP7VjvvJM4R8XeE7,GR8Q26CoBKMSkodvKEqEEyY7eLssMc7PWDMAmBo1zfcw,True,421195,105298,657,328,329,HfEnetJ7uBSmZWCjBNxdvv9HEC5nsW4wDV7wu6WnhWan,26307,131404,-105097,624
2022-02-21 22:15:03-05:00,12201,7FB6X8YgiDn7YK9bZZmcFyzhuvVLVWPCfBbenwMXhx5,2EaDCpL9MpAKuiC2bvUCGRfvqYvgVXGFHXt35QdNakfG,True,327479,81869,507,253,254,3zqXX6kzhkbW3d4TwD2CNjMRwxTbREXySekvq37kfCNk,20285,138067,-117782,619
2022-02-21 22:15:03-05:00,12202,33CE2t84MhG7SMsphhZaxvwFVRbK5wcUMUdEw8UBhoq8,DjNko7SbbK9nQT4K5oBWKiSiXiYS9Rv1k5vT3PNiMyaf,True,326522,81630,507,253,254,2BPYaeCXY4BCFSGFSfiGtqmhzJ4fkhYLxGjqFvLCB6hG,20295,256537,-236242,621
2022-02-21 22:15:40-05:00,12203,7rq3F5ZQXc991M4SCSqvhYKL2SsPT1DKjBBUoxovYt1e,BwzUY6Tyc5TnBfSajK9WeyjGVqVj6Lup73vd88dSc1vh,True,4194840,1048710,6475,3237,3238,HfEnetJ7uBSmZWCjBNxdvv9HEC5nsW4wDV7wu6WnhWan,259022,2424967,-2165945,617
2022-02-21 22:15:51-05:00,12204,5y8ZSWUnrm4B3emh7vLQKTh89vHtCvXqUhk7fJBA52is,Bu1AoKU2QQWpGH54ZzugvvACB3E1d3VvymnegNmTgHqg,True,1349922,337480,2106,1053,1053,HfEnetJ7uBSmZWCjBNxdvv9HEC5nsW4wDV7wu6WnhWan,84265,1674029,-1589764,624
2022-02-21 22:15:51-05:00,12205,3jJxvfbyc9KvECkLWTGptkezCLZfiums7GgfANyCULF3,C7fXi4upWW22F2Ak7AzsYVASjjdfZZtPmkQ9pBB2bJXZ,True,5205861,1301465,8146,4073,4073,HfEnetJ7uBSmZWCjBNxdvv9HEC5nsW4wDV7wu6WnhWan,325864,3543204,-3217340,625
2022-02-21 22:15:51-05:00,12206,92Y3wzUXMk16wyPR2kxgkRZj1adCYbAtZBj9Mj1d22Ui,9iwMBXfKfZqjQeKDRtQz4fgCQDNMeLgPBYLLazsfymkL,True,948843309,237210827,1483063,741531,741532,3zqXX6kzhkbW3d4TwD2CNjMRwxTbREXySekvq37kfCNk,59322534,401631625,-342309091,625
2022-02-21 22:15:52-05:00,12207,9Digi4Kx7aL6pZ1UytgVhobDVSj5ME66zFPL41DC2byC,8NyLbYQR5mhHBuL78Xr8RhRMnfc9yjkZPbZifgB8xmxP,True,2303793,575948,3595,1797,1798,2BPYaeCXY4BCFSGFSfiGtqmhzJ4fkhYLxGjqFvLCB6hG,143827,2591250,-2447423,624
2022-02-21 22:15:52-05:00,12208,BYvjENe16Ta77PqGV7JKEWrsqCTfkMGYwTSG5gXneDvd,EvxAXgvhPC6QkNurbK7vWyTApGo8J2R4EgMAknkHVU3d,False,765,765,38,1,37,2BPYaeCXY4BCFSGFSfiGtqmhzJ4fkhYLxGjqFvLCB6hG,38,1186,-1148,496
2022-02-21 22:15:53-05:00,12209,DwoQXrbwHmfnkWvYaHbPjir3WLmq3oSpSrAjnPdDqgtL,Hv6r5uYpyyn8B4PTzrki6mj5hdF64yaa564Zi277tANU,True,717133439,179283359,1119561,559780,559781,3zqXX6kzhkbW3d4TwD2CNjMRwxTbREXySekvq37kfCNk,44782440,308763215,-263980775,624
2022-02-21 22:15:53-05:00,12210,FdYFnEYtFQKcZPmzUqnvNLzozxdR1emtkmvnYcMgYykS,7arWNJQf2cWxerjhLgQh9CJxwTat1efnr5KmhuD7Qnv4,True,37458,9364,57,28,29,HfEnetJ7uBSmZWCjBNxdvv9HEC5nsW4wDV7wu6WnhWan,2311,47625,-45314,616
2022-02-21 22:15:53-05:00,12211,8w6CkZjw2egvAy9CykZfqz7mdRMxcSyzU4mT5WNLHs5Q,D4u8CcdVvLfDQ4xPzfVMmGzao4XdP5HWBnuh9g7Hc3Qg,True,20121365,5030341,31397,15698,15699,3zqXX6kzhkbW3d4TwD2CNjMRwxTbREXySekvq37kfCNk,1255919,27536153,-26280234,624
2022-02-21 22:15:53-05:00,12212,AwT3pH9dHjECDnuUiazbD6tZxZHdNwgJ4vBMmxLHMiLo,AjybksvjMT1QT6KvryXCG47pQGT8v9jxM34VkveGPQrs,True,310085413,77521353,478959,239479,239480,HfEnetJ7uBSmZWCjBNxdvv9HEC5nsW4wDV7wu6WnhWan,19158362,153683695,-134525333,617
2022-02-21 22:15:53-05:00,12213,92vHa65f4WpuqzSCMESDMPxZ2yfLxXJMMPYLof75EiN,3QZvcV1wL2ZYnw9yY9sbhiCP3dYYHeUZB7gcqtSutuLK,True,30581793,7645448,47392,23696,23696,3zqXX6kzhkbW3d4TwD2CNjMRwxTbREXySekvq37kfCNk,1895718,22367169,-20471451,619
2022-02-21 22:15:53-05:00,12214,Aop82qT6CwZbomif4QowqP3VaSHKB1837B2yNKqw4tER,65BVa4jrCx9etU5eXBAXT2PVnwVot2HLWGYyNXbVJDFk,True,662111,165527,1025,512,513,HfEnetJ7uBSmZWCjBNxdvv9HEC5nsW4wDV7wu6WnhWan,41026,822032,-781006,619
2022-02-21 22:15:53-05:00,12215,3sGCWcgPY7TzRCkFR1uuY8KcUzVRbdTyFYxh7V1csNMX,CcRFNnG2uhyLwhNAbX4U49jkMeC11kJtVhhyqDWdDK5r,True,1370243,342560,2115,1057,1058,HfEnetJ7uBSmZWCjBNxdvv9HEC5nsW4wDV7wu6WnhWan,84601,1707490,-1622889,617
2022-02-21 22:15:53-05:00,12216,2EkjFzKuqQaT9iLsf4qHnXM6rnbj7ftEyzzRsWx6D347,9NpHNbrRJF3U8Ub4KraPHhhZpyZk9Teo836dJSktJMEV,True,426233,106558,657,328,329,HfEnetJ7uBSmZWCjBNxdvv9HEC5nsW4wDV7wu6WnhWan,26308,338985,-312677,617
2022-02-21 22:15:53-05:00,12217,9Hz4p7gcfDbXBJp8KzhaBBPh9i7xe9kun7zLfDtqPe6c,2bJ43Lep6kp6WY7Ct56oiscKnAbdtC265G5yRvRPFThU,True,176006,44001,271,135,136,HfEnetJ7uBSmZWCjBNxdvv9HEC5nsW4wDV7wu6WnhWan,10847,154077,-143230,616
2022-02-21 22:15:53-05:00,12218,CJpe9bNHxS63QMaGJhmnr4u7eTo6e5GApZQZyPtXLAkk,EMVL4sDfVXwGEoGEYwLp8D6itfy3eu4FZBAj1kMz6uXa,True,1286333,321583,1991,995,996,HfEnetJ7uBSmZWCjBNxdvv9HEC5nsW4wDV7wu6WnhWan,79674,1599405,-1519731,619
2022-02-21 22:15:53-05:00,12219,E3VXmcpGHFLMaoEB76WUMUWkaHNGhwQyG88uoRhryniB,9388AsZ75Uh6KpyhPRQeJUJGw8EoGSTGfBsdWzMByKar,True,484316,121079,748,374,374,HfEnetJ7uBSmZWCjBNxdvv9HEC5nsW4wDV7wu6WnhWan,29942,197058,-167116,618
2022-02-21 22:15:53-05:00,12220,A4Q7Vrc9M3GtEXNUSiVBFkansyf5sKBtSeVT92WFacqv,EWLNfsTKqzkd7KAhnrPRre4Dyk6exb3H9wSbrJuyWprg,True,1226384,306596,1890,945,945,HfEnetJ7uBSmZWCjBNxdvv9HEC5nsW4wDV7wu6WnhWan,75607,1527006,-1451399,616
2022-02-21 22:15:56-05:00,12221,8ARSFh2vPjz7M1pjNqFRsRrHFGwVsUNnD7kLbqhmMrZR,9TGsutLwHv259Le8zfZ75FM4eLZffi6itgWBgYqeKkAy,True,322486,80621,499,249,250,3zqXX6kzhkbW3d4TwD2CNjMRwxTbREXySekvq37kfCNk,19986,406984,-386998,619
2022-02-21 22:15:56-05:00,12222,AvpYg74EBhwAXE8rcdGkpwmbBMRyVidF6zMRSFtWAVC6,4WgpqTp4r9wMpMptYMNbvCaP2faBnVr6FdShCAobetpL,True,47749,11937,74,37,37,3zqXX6kzhkbW3d4TwD2CNjMRwxTbREXySekvq37kfCNk,2989,60706,-57717,625
2022-02-21 22:15:56-05:00,12223,As81koHnSP9quoXuUVNHp3VR3Qaks8HLa4sFgJDocYiF,AMVm8dXia5s974VgZSbeE6uPDgyXDHZFyJ2W1J1CWvKW,True,1348100,337025,2075,1037,1038,3zqXX6kzhkbW3d4TwD2CNjMRwxTbREXySekvq37kfCNk,83039,1674626,-1591587,615
2022-02-21 22:16:02-05:00,12224,BLJgLzizx2yLgd12pVBAHTMqn9J5JA3JHCF8PnLnPyUk,HhDmwMysBFWhXnd3mrV31w75WBRKBS8wJSiEMZgqdUSp,True,189395,47348,294,147,147,3zqXX6kzhkbW3d4TwD2CNjMRwxTbREXySekvq37kfCNk,11789,245682,-233893,622
2022-02-21 22:16:02-05:00,12225,2ZSfbqxhiCTDrDPeRhoWayTZHNmW7ajVXBCxpFS4eGBF,3ZmWsPdQD7qfSMGKQSNhmBtuH7S6qMFRc8oEmBcHXEiR,True,48128,12032,74,37,37,HfEnetJ7uBSmZWCjBNxdvv9HEC5nsW4wDV7wu6WnhWan,2972,61159,-58187,617
2022-02-21 22:16:06-05:00,12226,FYdUiU3rPpbYKWnEpekQQsocSJKjXmscohi4v6DYqix7,daPyq9YdunQJhhLoW5ifhJ7UFPTtRZhGs4JwE1nqZhN,True,48457,12114,75,37,38,3zqXX6kzhkbW3d4TwD2CNjMRwxTbREXySekvq37kfCNk,3006,61546,-58540,620
2022-02-21 22:16:24-05:00,12227,4frcw72EwhHoErBpaUopvk1TG76ScAEAdCa1YYpuXNBH,CrGAbKa9vZKUmr9sALaHgWMcczDGmUq5kFP7w1fbXmKY,True,772063798,193015949,1204391,602195,602196,3zqXX6kzhkbW3d4TwD2CNjMRwxTbREXySekvq37kfCNk,48175645,258544347,-210368702,623
2022-02-21 22:17:05-05:00,12228,BrHRMouGRz3LBNzd9anfdYMhWfg8yUPHL4PqJ8WdEDFS,4uzoLa3mC2VYHAPBoHLX4gTjPTC28rPf2fvEGtJWPYc,True,6111,1527,9,4,5,HfEnetJ7uBSmZWCjBNxdvv9HEC5nsW4wDV7wu6WnhWan,381,11384,-11003,623
2022-02-21 22:17:07-05:00,12229,U3vvMQ4X4aKzVYfhMw1V1p58HRqaLnuXozqmmefYeD9,7JA94MArkNCFRhBq8f5a32DgMF6aPdFsoC5HvXDQ6NuR,True,58183,14545,90,45,45,2BPYaeCXY4BCFSGFSfiGtqmhzJ4fkhYLxGjqFvLCB6hG,3629,81726,-78097,623
2022-02-21 22:17:07-05:00,12230,ymyzGH4Qc7HH5PbKpVphCbsQgLLXyGkPcXamQJuNj5C,8oTLHaV2XzbKXNWRuUjCfHjUn61Pw93LYK14m9q2VDpZ,True,2549,637,3,1,2,HfEnetJ7uBSmZWCjBNxdvv9HEC5nsW4wDV7wu6WnhWan,159,3019,-2860,623
2022-02-21 22:17:08-05:00,12231,63RJUGNb2mPuiVvqCacwZ9BDvnqoPuBFbogvHNZukUSW,FyLe7q7PNK9VjdVv2xJyT4q9Wwj5BikVu3xhBirYPhVS,True,360907225,90226806,562231,281115,281116,3zqXX6kzhkbW3d4TwD2CNjMRwxTbREXySekvq37kfCNk,22489265,98744098,-76254833,623
2022-02-21 22:17:09-05:00,12232,6h43GsVT3TjtLa5nRpsXp15GDpAY4smWCYHgcq58dSPM,CTgbWridYWnfE5Emwr7qiCEb3LcXHupqeB9zwmddoEqB,True,97908203,24477050,152396,76198,76198,3zqXX6kzhkbW3d4TwD2CNjMRwxTbREXySekvq37kfCNk,6095854,24422825,-18326971,622
2022-02-21 22:17:10-05:00,12233,FF8rqfM9PTEjYiVFy8jS81weDRwdaYooux2uSa2LexrJ,JBk1JghH1gged1YpDbkczFXP9ka5ivYSkaYoVbbXD4kg,True,34717,8679,53,26,27,HfEnetJ7uBSmZWCjBNxdvv9HEC5nsW4wDV7wu6WnhWan,2149,46802,-44653,619
2022-02-21 22:17:10-05:00,12234,4q5tGJYhKAyUCLkFdAajtrE9KCvZohCEFqGp5XkqAHwD,8a913NCjVRW6F4DzwaxijQ4URD4AkpCDhts2MJUBYPWs,True,366391,91597,563,281,282,HfEnetJ7uBSmZWCjBNxdvv9HEC5nsW4wDV7wu6WnhWan,22541,155719,-133178,615
2022-02-21 22:17:10-05:00,12235,F82PLGiP5KXaPHD94YDq5FnfGeFbb6Z4gBFHypukaCi9,7ckYcHsEdKq3mfvAUc71uRUw2ugvS9yu7RNJErsdefi7,True,20108626,5027156,30972,15486,15486,3zqXX6kzhkbW3d4TwD2CNjMRwxTbREXySekvq37kfCNk,1238891,27531863,-26292972,616
2022-02-21 22:17:10-05:00,12236,9kYkFDNE3qD6s73fn8kJowgqbDZoDSw22XaUJ7rTD43D,E8zJz8pT2c9aZsxe4kLMNs4bY7skt38SU5wK5JTqbGr6,True,737980,184495,1147,573,574,2BPYaeCXY4BCFSGFSfiGtqmhzJ4fkhYLxGjqFvLCB6hG,45909,939492,-893583,622
2022-02-21 22:17:10-05:00,12237,4SX2pj4eHRwFMtyDCrMZ8ZT6ASAMi7yfZWZnccw5dGn8,Ads49ZqvTmPHxfzNYm4oJb4HBYhwS6vXQbarqmpUi5VZ,True,39189,9797,60,30,30,HfEnetJ7uBSmZWCjBNxdvv9HEC5nsW4wDV7wu6WnhWan,2435,49874,-47439,621
2022-02-21 22:17:10-05:00,12238,3tQBuHwr3V8AZu8Yqhg1UfmnFoxzkUq9UeGeLm41UHy4,9cESwduiHBgrxZK1hN1eAFwnyfxw3FEHezTa8Ue5Kpye,True,3869742,967435,5982,2991,2991,HfEnetJ7uBSmZWCjBNxdvv9HEC5nsW4wDV7wu6WnhWan,239316,3382795,-3143479,618
2022-02-21 22:17:10-05:00,12239,3NhNdphQiKwgHTmTJc4qVhp3aWjqnwMTYbRW1y9CZrZg,BNpP1sKPAr7Dk1ymSrupge9KGMVpk4LfjTjawgi9YaC5,True,281935,70483,439,219,220,HfEnetJ7uBSmZWCjBNxdvv9HEC5nsW4wDV7wu6WnhWan,17575,350304,-332729,623
2022-02-21 22:17:11-05:00,12240,7EvJoetxJVTgpJXqE1VC3fZN1CQ5xdWdv29yCiDuH9gU,6RTEusjGEHNDdMj75qkpzYHjHZ3R2XN5xvptCwkRJz5j,True,53896,13474,83,41,42,HfEnetJ7uBSmZWCjBNxdvv9HEC5nsW4wDV7wu6WnhWan,3354,68597,-65243,622
2022-02-21 22:17:11-05:00,12241,EBnMKbaJEjNXjt14hxssR8wd3Ua37McPQxUZnKxxbgtd,FAALK2LRFhg98ezHEBFrgrzxTg66eZpmo7ctKDEck8q5,True,84609,21152,131,65,66,2BPYaeCXY4BCFSGFSfiGtqmhzJ4fkhYLxGjqFvLCB6hG,5270,98830,-93560,622
2022-02-21 22:18:02-05:00,12242,BH36ueAULprzjj6WabTgvivEcrx3VdDn8DTxSoro8Zym,6yydJKEmtZjUwURrs9gQ7EGkB86nK28ZDJQqNMgbPosA,True,2247738,561933,3517,1758,1759,2BPYaeCXY4BCFSGFSfiGtqmhzJ4fkhYLxGjqFvLCB6hG,140692,1983440,-1842748,625
2022-02-21 22:34:16-05:00,12243,Cgga7cjzsiecXRFLLf4jnEaGGwzr6qroh36G7kz3tV2t,AhUKdVt6jf8L2p5DbxkYPMAZUFqpz1uKBgPMUBJqEcnz,True,11983585,2995896,18739,9369,9370,HfEnetJ7uBSmZWCjBNxdvv9HEC5nsW4wDV7wu6WnhWan,749582,3527436,-2777854,625
2022-02-21 22:35:03-05:00,12244,4Mh9nzgwwnxWJLCNBC9Ntep2Lww6nUoALg6jmC6WoeSz,2sPBsXbpKB9QNQzAMipDMkvAVRE8hQk7vq1oc57kFBkn,True,10530277,2632568,16448,8224,8224,HfEnetJ7uBSmZWCjBNxdvv9HEC5nsW4wDV7wu6WnhWan,657945,4317253,-3659308,624
2022-02-21 22:39:49-05:00,12245,GgAdS7cJ2KDgGE3xDrYAwqEEKqSsmfpEyBxtN4CMsjid,BidFJqkCxq71QWE7k8o4BnQjWQ61p4BT29jHgw4cC7b3,True,23609449,5902362,36778,18389,18389,3zqXX6kzhkbW3d4TwD2CNjMRwxTbREXySekvq37kfCNk,1471156,5981182,-4510026,623
2022-02-21 22:48:27-05:00,12246,9ancY5Fso8pUktKpRj3qc1YPQA6thy5n4f7uvNnsqMWR,CLUi9rvU9NTi7h4sNwqfr8aqChyGDbVJA1aKvKMWQv2r,True,4057434894,1014358723,6297708,3148854,3148854,3zqXX6kzhkbW3d4TwD2CNjMRwxTbREXySekvq37kfCNk,251908358,868993464,-617085106,620
2022-02-22 00:57:58-05:00,12247,5QxR9QPTADFys9VQNm473RgprTikCXC23vhsBc9ojyAQ,H9zdf8nJ4JCF7jrwGsxiuiFoa14gzDmYsZ5N5ig3UGna,True,53469376,13367344,83355,41677,41678,HfEnetJ7uBSmZWCjBNxdvv9HEC5nsW4wDV7wu6WnhWan,3334224,14890069,-11555845,623
2022-02-22 11:02:43-05:00,12248,5yPGvUz6JWKjkViGwTCpygJii1rP2xv5yx146ULtBiYq,FMnHUCQWTf1UHu5qVFqUAsWh8aba9EQYTEoiXy55totD,True,3468276080,867069020,4983268,2491634,2491634,HfEnetJ7uBSmZWCjBNxdvv9HEC5nsW4wDV7wu6WnhWan,199330740,644323321,-444992581,574
2022-02-22 19:09:17-05:00,12249,5yPGvUz6JWKjkViGwTCpygJii1rP2xv5yx146ULtBiYq,FMnHUCQWTf1UHu5qVFqUAsWh8aba9EQYTEoiXy55totD,True,2632338434,658084608,4088022,2044011,2044011,3zqXX6kzhkbW3d4TwD2CNjMRwxTbREXySekvq37kfCNk,163520918,528496649,-364975731,621
2022-02-23 07:45:45-05:00,12250,9pEArHtaXLJT3Byxom7eHPqN33JQReQW7nc9sBM2WM2X,C42NkGyduwu7Rc7m5t53SQ72AkeD7NJMSemZBoc4QAYf,True,5649323080,1412330770,8597220,4298610,4298610,HfEnetJ7uBSmZWCjBNxdvv9HEC5nsW4wDV7wu6WnhWan,343888806,994077305,-650188499,608
2022-02-23 19:51:02-05:00,12251,9WuBRozWpN4yDacdweLCTNZrsK8LbpfVEbTLrN8QgyZG,9rMFXUMpZwwTnyUejEqS78Ny1yTvAWfhV4QtJwcX5Fo7,True,36545604,9136401,57102,28551,28551,3zqXX6kzhkbW3d4TwD2CNjMRwxTbREXySekvq37kfCNk,2284092,10027078,-7742986,624
2022-02-23 19:52:05-05:00,12252,EkKmfEnxTscSs2BDs1mg6SyHdStC8AYTy9zihw9VWP63,DW4ujEZj4H83B9CrSfbks2pkHEj3gh2d114eo1aDh4s9,True,390808971,97702242,610684,305342,305342,3zqXX6kzhkbW3d4TwD2CNjMRwxTbREXySekvq37kfCNk,24427391,88092357,-63664966,625
2022-02-23 21:56:27-05:00,12253,H1oYXGZTagwv48FdDe6RNkjNaesedqLKyXxTmPc5k4Fp,Am3rx6XrkrZ4MdeZDyZUv1YW2fBujcz4dLjVCnRQHKZa,True,30044559,7511139,46960,23480,23480,3zqXX6kzhkbW3d4TwD2CNjMRwxTbREXySekvq37kfCNk,1878419,7980435,-6102016,625
2022-02-23 21:56:28-05:00,12254,9AJH82vT5qffJDaufA827gZ3Za7bJcUoL6kLXCV2QfMX,78AU7GRaKkx98LcwijwUiZeYHPuEcKGpY8HWqDLgA6pX,True,260576143,65144035,406520,203260,203260,3zqXX6kzhkbW3d4TwD2CNjMRwxTbREXySekvq37kfCNk,16260805,72722911,-56462106,624
2022-02-23 21:56:44-05:00,12255,9jMAUgoiHZXsoGomc6NFTvarZojxpNJPtz816zq2gQM6,HsxPbuECvAmkcjbsDGgqmN5JLnW6NnFsHNhP1UKmyqr7,True,1994363563,498590890,3111304,1555652,1555652,HfEnetJ7uBSmZWCjBNxdvv9HEC5nsW4wDV7wu6WnhWan,124452172,415548609,-291096437,624
2022-02-23 21:56:46-05:00,12256,cXqFkCF4gaT9vAcZYMgwLXmmuD5w4hwgxT8YXE8JuBw,5Wtf4ZBL6R1afLeC4WfhFGkfi42TagtNAg6EZWn7gKhg,True,872278234,218069558,1353398,676699,676699,2BPYaeCXY4BCFSGFSfiGtqmhzJ4fkhYLxGjqFvLCB6hG,54135959,181747725,-127611766,620
2022-02-23 21:58:17-05:00,12257,aTkGURJptmKNNP6RSXSWsmVbfcriSAJaMuUiT2eZEfb,5qoGxL83PLhrguyk27X8xE6jGitRg5BaQpXzrcfEvCfJ,True,99278367,24819591,154916,77458,77458,3zqXX6kzhkbW3d4TwD2CNjMRwxTbREXySekvq37kfCNk,6196671,24594548,-18397877,624
2022-02-23 21:58:24-05:00,12258,FS5xx53Bo65G21gJLta7LEEiS132VJM1kGpUzuqyfzoy,2kbTLjdBBA9K1coxKmwmYbjq2heSnuNg4Nh2EfVNYgwj,True,1251547,312886,1958,979,979,HfEnetJ7uBSmZWCjBNxdvv9HEC5nsW4wDV7wu6WnhWan,78326,703255,-624929,625
2022-02-23 21:58:55-05:00,12259,Bu65ba81oA2rZqxGAsctgz39NPPJqbXR3SvdMX5KQfTK,DcxNLDe2GwGiQPtQhzMiUjrMaqXjuyx1EGgX3xPtE98T,True,438883242,109720810,686538,343269,343269,3zqXX6kzhkbW3d4TwD2CNjMRwxTbREXySekvq37kfCNk,27461543,88518301,-61056758,625
2022-02-23 21:59:01-05:00,12260,agiVhhsNiMPzMaNWTHKRZ435HtBjqQvRuReKkpG32pn,HgcU2oCotYPxvGY6M21SbdqhzXJmNPDWEiTCDu4rA5dB,True,346567109,86641777,541375,270687,270688,HfEnetJ7uBSmZWCjBNxdvv9HEC5nsW4wDV7wu6WnhWan,21655002,96930066,-75275064,624
2022-02-23 21:59:38-05:00,12261,72F3iHXabQD5CDurG76r2riHaH8xGcKRqgBkDpmUnNMn,6Wue3rtmyr1RrEgDoK23ehAjymtLE8AYT2niknNe8Z7M,True,31310850,7827712,48562,24281,24281,2BPYaeCXY4BCFSGFSfiGtqmhzJ4fkhYLxGjqFvLCB6hG,1942490,7381714,-5439224,620
2022-02-23 22:00:24-05:00,12262,JCagxpXPs6wVRUWbNBPCZ4uLCkZsachnofN7SZEEwGwB,5uGj1TBCkc7FV4ffdBJg31yLcCxkQLxRExjcinnJUow9,True,183310770,45827691,286370,143185,143185,3zqXX6kzhkbW3d4TwD2CNjMRwxTbREXySekvq37kfCNk,11454818,167958327,-156503509,624
2022-02-23 22:00:34-05:00,12263,9WuBRozWpN4yDacdweLCTNZrsK8LbpfVEbTLrN8QgyZG,9rMFXUMpZwwTnyUejEqS78Ny1yTvAWfhV4QtJwcX5Fo7,True,26865203,6716300,41967,20983,20984,3zqXX6kzhkbW3d4TwD2CNjMRwxTbREXySekvq37kfCNk,1678704,8029964,-6351260,624
2022-02-23 22:00:41-05:00,12264,EkKmfEnxTscSs2BDs1mg6SyHdStC8AYTy9zihw9VWP63,DW4ujEZj4H83B9CrSfbks2pkHEj3gh2d114eo1aDh4s9,True,287213479,71803369,446938,223469,223469,3zqXX6kzhkbW3d4TwD2CNjMRwxTbREXySekvq37kfCNk,17877555,71521729,-53644174,622
2022-02-23 22:00:43-05:00,12265,8Xt3qHjZG3zLxozgM5vPHMVxp8eYFMg89kaVW7vdHKoA,2i8riSsQpfADD9LUVpiBJBfX5qjVAgmZegzfKx6RG9dW,True,23138317,5784579,36198,18099,18099,3zqXX6kzhkbW3d4TwD2CNjMRwxTbREXySekvq37kfCNk,1447941,10813807,-9365866,625
2022-02-23 22:00:46-05:00,12266,GgAdS7cJ2KDgGE3xDrYAwqEEKqSsmfpEyBxtN4CMsjid,BidFJqkCxq71QWE7k8o4BnQjWQ61p4BT29jHgw4cC7b3,True,17411794,4352948,27131,13565,13566,HfEnetJ7uBSmZWCjBNxdvv9HEC5nsW4wDV7wu6WnhWan,1085275,4763111,-3677836,623
2022-02-23 22:01:08-05:00,12267,C1CsbgQFvEvSXzuVHTr39tQHr3drDhjxeYiotd8eNocF,4rAaTCAMj5VpgNVKiYizabH7cMLhEA12seu2QXQNTyV3,True,670796,167698,1048,524,524,HfEnetJ7uBSmZWCjBNxdvv9HEC5nsW4wDV7wu6WnhWan,41946,314184,-272238,625
2022-02-23 22:01:09-05:00,12268,Ai6G7vosJfmkRqtDAkqxRtbzELp6P5xe9r2RH3LYcLZt,8SUpKXakmhi4rYiFKnHYpgaAopomfDqEX6Efew9iM6nk,True,1599005956,399751489,2473202,1236601,1236601,3zqXX6kzhkbW3d4TwD2CNjMRwxTbREXySekvq37kfCNk,98928115,620523685,-521595570,618
2022-02-23 22:04:18-05:00,12269,H1oYXGZTagwv48FdDe6RNkjNaesedqLKyXxTmPc5k4Fp,Am3rx6XrkrZ4MdeZDyZUv1YW2fBujcz4dLjVCnRQHKZa,True,22083606,5520901,34508,17254,17254,3zqXX6kzhkbW3d4TwD2CNjMRwxTbREXySekvq37kfCNk,1380352,6406692,-5026340,625
2022-02-23 22:04:18-05:00,12270,9AJH82vT5qffJDaufA827gZ3Za7bJcUoL6kLXCV2QfMX,78AU7GRaKkx98LcwijwUiZeYHPuEcKGpY8HWqDLgA6pX,True,191532406,47883101,298584,149292,149292,3zqXX6kzhkbW3d4TwD2CNjMRwxTbREXySekvq37kfCNk,11943365,58190672,-46247307,623
2022-02-23 22:04:45-05:00,12271,cXqFkCF4gaT9vAcZYMgwLXmmuD5w4hwgxT8YXE8JuBw,5Wtf4ZBL6R1afLeC4WfhFGkfi42TagtNAg6EZWn7gKhg,True,641136335,160284083,991815,495907,495908,3zqXX6kzhkbW3d4TwD2CNjMRwxTbREXySekvq37kfCNk,39672604,148464600,-108791996,618
2022-02-23 22:04:45-05:00,12272,9jMAUgoiHZXsoGomc6NFTvarZojxpNJPtz816zq2gQM6,HsxPbuECvAmkcjbsDGgqmN5JLnW6NnFsHNhP1UKmyqr7,True,1465811328,366452832,2282337,1141168,1141169,2BPYaeCXY4BCFSGFSfiGtqmhzJ4fkhYLxGjqFvLCB6hG,91293515,339633783,-248340268,622
2022-02-23 22:05:06-05:00,12273,3idUQDMPAN9f6F6BipHAYFZyhG5JADey1y7JcFYx5BRh,D6UMk8WsSRahs4nGyi9DLt2HyZQy4wAywDwL31sL8BVj,True,1364442,341110,2130,1065,1065,3zqXX6kzhkbW3d4TwD2CNjMRwxTbREXySekvq37kfCNk,85237,528103,-442866,624
2022-02-23 22:05:27-05:00,12274,5gN3624v6n1zQ1BKtZi1e9ZLpbCa4MEfhgHySFB81Qfm,UXT3oB5ud18rBsygsfxwA93kQYdSNbbzTCjt4gtU2jP,True,11763417,2940854,18390,9195,9195,HfEnetJ7uBSmZWCjBNxdvv9HEC5nsW4wDV7wu6WnhWan,735633,3386595,-2650962,625
2022-02-23 22:05:27-05:00,12275,71DcjZY2Fd1Jg9YkDXUH5usC9QcHeQqSxoEk7tH3fhzo,3o4iDHXNpNVAHaHzVirbcNevP6YfoP2EqddBNoSRU4hn,True,9553183,2388295,14924,7462,7462,HfEnetJ7uBSmZWCjBNxdvv9HEC5nsW4wDV7wu6WnhWan,596996,3550671,-2953675,624
2022-02-23 22:05:32-05:00,12276,9ancY5Fso8pUktKpRj3qc1YPQA6thy5n4f7uvNnsqMWR,CLUi9rvU9NTi7h4sNwqfr8aqChyGDbVJA1aKvKMWQv2r,True,2994044536,748511134,4681713,2340856,2340857,2BPYaeCXY4BCFSGFSfiGtqmhzJ4fkhYLxGjqFvLCB6hG,187268552,699783071,-512514519,625
2022-02-23 22:05:36-05:00,12277,9E97vZ6evPgg1Ao8KwvjjZhBFW6dXZrrJENk1HvZ3SU,D7U38PB8BXLwUVKbRNv9po7VcFdnn7Y4tWY9xpRiNJsT,True,1841996,460498,2878,1439,1439,HfEnetJ7uBSmZWCjBNxdvv9HEC5nsW4wDV7wu6WnhWan,115121,789164,-674043,624
2022-02-23 22:06:47-05:00,12278,EYNh72buYHmKWRSqF8omcFHRbqKWV76iXB2vrjHgQMck,Efm7bH2DFg5Y5M39jq3uDcoDHUa95zmey8n7Ld72jG84,True,16029842,4007460,25073,12536,12537,HfEnetJ7uBSmZWCjBNxdvv9HEC5nsW4wDV7wu6WnhWan,1002928,6772287,-5769359,625
2022-02-23 22:07:49-05:00,12279,6fqbSyhh3PPdgRcLraHb7Jahj9s1oHHeX3SsjNSsGa6t,GpRUow48TYgttdYfsygbgjYQcmHyYjWETUDjDVphEgwq,True,389458933,97364732,608859,304429,304430,3zqXX6kzhkbW3d4TwD2CNjMRwxTbREXySekvq37kfCNk,24354399,226979820,-202625421,625
2022-02-23 22:07:55-05:00,12280,BJUNK2orMVx6mYsD9pnQzmsEh95ZF2NWPm9KJ1ZM67Qn,FpxLa3DwWrspYvHVsScSDcscHB2eBHGxRrQ4gVvn4VW,True,542894972,135723743,842771,421385,421386,HfEnetJ7uBSmZWCjBNxdvv9HEC5nsW4wDV7wu6WnhWan,33710849,142448414,-108737565,620
2022-02-23 22:07:55-05:00,12281,Ag992UB4rqC2QUZGxZfcc3ZcfFgwp9Ts1hZDYcrzuN4E,GBGBNUDJgqLHvJJKFJ37KvpSYv5niN1cXRUnV9AqJWLh,True,106047622,26511904,164877,82438,82439,HfEnetJ7uBSmZWCjBNxdvv9HEC5nsW4wDV7wu6WnhWan,6595114,19043342,-12448228,621
2022-02-23 22:08:03-05:00,12282,2pMGfXreJV4ZGoQtRyvhdE8TFccLhkguLb7JsjGnyr7p,7FVhyNsmwmSKF8H73YfLmx6ASLw9G13r3LXDnRqKjWKL,True,2856609,714152,4429,2214,2215,HfEnetJ7uBSmZWCjBNxdvv9HEC5nsW4wDV7wu6WnhWan,177186,3252847,-3075661,620
2022-02-23 22:08:31-05:00,12283,CcV2aMbd36MCH9wKTJPH1wyEUgErHBbT3gBWedPFeMgh,4nT6pkWKa6P8LmVX9Cur45xqJaqe3YnRFqjeFzUY9eMa,True,64895256,16223814,100767,50383,50384,DddJ7EWCmYEEZETCBNgAUSg81Ls6fZtiAaY5ekJ5sXx1,4030718,15149163,-11118445,621
2022-02-23 22:08:35-05:00,12284,aTkGURJptmKNNP6RSXSWsmVbfcriSAJaMuUiT2eZEfb,5qoGxL83PLhrguyk27X8xE6jGitRg5BaQpXzrcfEvCfJ,True,72979156,18244789,113957,56978,56979,HfEnetJ7uBSmZWCjBNxdvv9HEC5nsW4wDV7wu6WnhWan,4558282,19836606,-15278324,624
2022-02-23 22:08:38-05:00,12285,5vp63gpRmA7mzAj8czoQsMsNHg1773XwYdwi4f5XC4nE,wqgmuTgVubuFucijWBVJU9tqMgGKHy61DVLEDC46q3H,True,104656212,26164053,163688,81844,81844,3zqXX6kzhkbW3d4TwD2CNjMRwxTbREXySekvq37kfCNk,6547529,26064502,-19516973,625
2022-02-23 22:09:14-05:00,12286,HdRgh9niYSd3YKCxzGdusYFquiVoFTP2mEGEzJJL5Nii,78C68Gbb1jYFQmYNCHHjL52keEKMXtGukmBwT7ahon4B,True,18224026,4556006,28481,14240,14241,3zqXX6kzhkbW3d4TwD2CNjMRwxTbREXySekvq37kfCNk,1139262,17016054,-15876792,625
2022-02-23 22:09:32-05:00,12287,FMdKLXhQEnNJtvM17ZX8jhaeMaSD9UgDuN3Kw7kMrd7K,5pURHYWB5LUGwJmWVBGH8p6oyR9NJvXnZk7uDVoiassv,True,1359402207,339850550,2121912,1060956,1060956,HfEnetJ7uBSmZWCjBNxdvv9HEC5nsW4wDV7wu6WnhWan,84876518,384558359,-299681841,624
2022-02-23 22:23:56-05:00,12288,4WSiQCTqMvpSYvrbenQGFoV6fuDALSWMwZZ9MgP82fwb,6Y5GdgKErVfXrabSTi89X7xCEsZnoqDqwFD4hZ3FVtfN,True,3159666,789916,4896,2448,2448,HfEnetJ7uBSmZWCjBNxdvv9HEC5nsW4wDV7wu6WnhWan,195878,2095096,-1899218,619
